==========================================================================================
Experiment Run: 2026-02-03 07:59:33
==========================================================================================
Accuracy: 0.97333597
Precision: 0.97339485
Recall: 0.97333597
F1 Score: 0.97332983
Training Time: 2.8217 seconds
Prediction Time: 0.5288 seconds
Latency per sample: 0.00000435 seconds

Classification Report: 
                precision    recall  f1-score   support

        Benign  0.97618291 0.96336338 0.96973078     47821
     HTTPFlood  0.98318250 0.98451548 0.98384854     14014
     ICMPFlood  0.96825397 1.00000000 0.98387097       122
      SYNFlood  0.97980769 0.99901961 0.98932039      1020
       SYNScan  0.99452191 0.99452191 0.99452191      2008
   SlowrateDoS  0.95341949 0.98170225 0.96735419      7214
TCPConnectScan  0.98940998 0.99644490 0.99291498      1969
      UDPFlood  0.96824743 0.97562733 0.97192337     45789
       UDPScan  0.99145299 0.99631902 0.99388005      1630

      accuracy                      0.97333597    121587
     macro avg  0.97827543 0.98794599 0.98304057    121587
  weighted avg  0.97339485 0.97333597 0.97332983    121587


Confusion Matrix:
[[46069,   103,     0,    17,     6,   133,    21,  1465,     7],
 [    3, 13797,     0,     0,     0,   213,     0,     0,     1],
 [    0,     0,   122,     0,     0,     0,     0,     0,     0],
 [    0,     1,     0,  1019,     0,     0,     0,     0,     0],
 [    1,     0,     3,     4,  1997,     0,     0,     0,     3],
 [    0,   132,     0,     0,     0,  7082,     0,     0,     0],
 [    2,     0,     1,     0,     1,     0,  1962,     0,     3],
 [ 1116,     0,     0,     0,     0,     0,     0, 44673,     0],
 [    2,     0,     0,     0,     4,     0,     0,     0,  1624]]

