==========================================================================================
Experiment Run: 2026-02-03 07:59:30
==========================================================================================
Accuracy: 0.84634871
Precision: 0.89803702
Recall: 0.84634871
F1 Score: 0.86624920
Training Time: 0.0041 seconds
Prediction Time: 0.0062 seconds
Latency per sample: 0.00000005 seconds

Classification Report: 
                precision    recall  f1-score   support

        Benign  0.92855782 0.81537400 0.86829301     47821
     HTTPFlood  0.93513401 0.96596261 0.95029835     14014
     ICMPFlood  0.04219993 1.00000000 0.08098241       122
      SYNFlood  0.66767830 0.86274510 0.75278015      1020
       SYNScan  1.00000000 0.99352590 0.99675244      2008
   SlowrateDoS  0.87830112 0.89437205 0.88626374      7214
TCPConnectScan  0.83846154 0.99644490 0.91065212      1969
      UDPFlood  0.88729683 0.81550154 0.84988563     45789
       UDPScan  0.22729181 0.99631902 0.37014245      1630

      accuracy                      0.84634871    121587
     macro avg  0.71165793 0.92669390 0.74067226    121587
  weighted avg  0.89803702 0.84634871 0.86624920    121587


Confusion Matrix:
[[38992,   253,  2760,   328,     0,   464,   231,  4726,    67],
 [    4, 13537,     0,    43,     0,   430,     0,     0,     0],
 [    0,     0,   122,     0,     0,     0,     0,     0,     0],
 [    0,     0,     0,   880,     0,     0,   140,     0,     0],
 [    0,     0,     5,     6,  1995,     0,     0,     0,     2],
 [    0,   686,     0,    54,     0,  6452,     5,    17,     0],
 [    0,     0,     4,     3,     0,     0,  1962,     0,     0],
 [ 2996,     0,     0,     0,     0,     0,     0, 37341,  5452],
 [    0,     0,     0,     4,     0,     0,     2,     0,  1624]]

