==========================================================================================
Experiment Run: 2026-02-03 07:59:25
==========================================================================================
Accuracy: 0.78273993
Precision: 0.82990444
Recall: 0.78273993
F1 Score: 0.78703396
Training Time: 0.0026 seconds
Prediction Time: 0.0242 seconds
Latency per sample: 0.00000020 seconds

Classification Report: 
                precision    recall  f1-score   support

        Benign  0.92141028 0.63940528 0.75493173     47821
     HTTPFlood  0.86970638 0.87926359 0.87445887     14014
     ICMPFlood  0.99186992 1.00000000 0.99591837       122
      SYNFlood  0.36054143 0.86176471 0.50838635      1020
       SYNScan  0.93926554 0.99352590 0.96563408      2008
   SlowrateDoS  0.91539440 0.59841974 0.72372171      7214
TCPConnectScan  0.99367089 0.95683088 0.97490298      1969
      UDPFlood  0.72660824 0.90530477 0.80617276     45789
       UDPScan  0.27552234 0.99509202 0.43155514      1630

      accuracy                      0.78273993    121587
     macro avg  0.77710993 0.86995632 0.78174244    121587
  weighted avg  0.82990444 0.78273993 0.78703396    121587


Confusion Matrix:
[[30577,  1294,     0,    16,     0,   347,     2, 15575,    10],
 [  720, 12322,     0,   910,     0,    52,    10,     0,     0],
 [    0,     0,   122,     0,     0,     0,     0,     0,     0],
 [    0,    12,     0,   879,   129,     0,     0,     0,     0],
 [    6,     0,     1,     6,  1995,     0,     0,     0,     0],
 [ 1791,   462,     0,   622,     0,  4317,     0,    22,     0],
 [    6,    78,     0,     1,     0,     0,  1884,     0,     0],
 [   81,     0,     0,     0,     0,     0,     0, 41453,  4255],
 [    4,     0,     0,     4,     0,     0,     0,     0,  1622]]

