==========================================================================================
Experiment Run: 2026-02-03 07:59:28
==========================================================================================
Accuracy: 0.96717577
Precision: 0.96770800
Recall: 0.96717577
F1 Score: 0.96713132
Training Time: 0.0010 seconds
Prediction Time: 0.2736 seconds
Latency per sample: 0.00000225 seconds

Classification Report: 
                precision    recall  f1-score   support

        Benign  0.98426711 0.94192928 0.96263290     47821
     HTTPFlood  0.96414538 0.98051948 0.97226350     14014
     ICMPFlood  0.96062992 1.00000000 0.97991968       122
      SYNFlood  0.93836247 1.00000000 0.96820123      1020
       SYNScan  0.98813056 0.99501992 0.99156328      2008
   SlowrateDoS  0.93027572 0.97283061 0.95107738      7214
TCPConnectScan  0.93238095 0.99441341 0.96239862      1969
      UDPFlood  0.95850702 0.98427570 0.97122046     45789
       UDPScan  0.97307002 0.99754601 0.98515601      1630

      accuracy                      0.96717577    121587
     macro avg  0.95886324 0.98517049 0.97160367    121587
  weighted avg  0.96770800 0.96717577 0.96713132    121587


Confusion Matrix:
[[45044,   339,     0,    59,    16,   249,   142,  1946,    26],
 [    0, 13741,     0,     0,     0,   273,     0,     0,     0],
 [    0,     0,   122,     0,     0,     0,     0,     0,     0],
 [    0,     0,     0,  1020,     0,     0,     0,     0,     0],
 [    0,     0,     4,     4,  1998,     0,     0,     0,     2],
 [    0,   172,     0,     2,     0,  7018,     0,     5,    17],
 [    0,     0,     1,     2,     4,     4,  1958,     0,     0],
 [  720,     0,     0,     0,     0,     0,     0, 45069,     0],
 [    0,     0,     0,     0,     4,     0,     0,     0,  1626]]

