==========================================================================================
Experiment Run: 2026-02-03 07:59:23
==========================================================================================
Accuracy: 0.91772147
Precision: 0.94243005
Recall: 0.91772147
F1 Score: 0.92640331
Training Time: 2.4012 seconds
Prediction Time: 0.0046 seconds
Latency per sample: 0.00000004 seconds

Classification Report: 
                precision    recall  f1-score   support

        Benign  0.96017556 0.92869242 0.94417161     47821
     HTTPFlood  0.96924846 0.96260882 0.96591723     14014
     ICMPFlood  0.25738397 1.00000000 0.40939597       122
      SYNFlood  0.94385593 0.87352941 0.90733198      1020
       SYNScan  0.99551122 0.99402390 0.99476701      2008
   SlowrateDoS  0.89659618 0.96395897 0.92905812      7214
TCPConnectScan  0.86475771 0.99695277 0.92616183      1969
      UDPFlood  0.94908119 0.87641137 0.91129985     45789
       UDPScan  0.28606615 0.99754601 0.44462674      1630

      accuracy                      0.91772147    121587
     macro avg  0.79140849 0.95485819 0.82585893    121587
  weighted avg  0.94243005 0.91772147 0.92640331    121587


Confusion Matrix:
[[44411,   192,   347,    37,     6,   331,   178,  2153,   166],
 [   51, 13490,     0,     1,     1,   471,     0,     0,     0],
 [    0,     0,   122,     0,     0,     0,     0,     0,     0],
 [    0,     0,     0,   891,     0,     0,   129,     0,     0],
 [    0,     0,     4,     6,  1996,     0,     0,     0,     2],
 [    5,   236,     0,     2,     0,  6954,     0,     0,    17],
 [    0,     0,     1,     3,     2,     0,  1963,     0,     0],
 [ 1786,     0,     0,     0,     0,     0,     0, 40130,  3873],
 [    0,     0,     0,     4,     0,     0,     0,     0,  1626]]

