==========================================================================================
Experiment Run: 2026-02-03 07:59:28
==========================================================================================
Accuracy: 0.96666584
Precision: 0.96678987
Recall: 0.96666584
F1 Score: 0.96665804
Training Time: 0.0776 seconds
Prediction Time: 0.0047 seconds
Latency per sample: 0.00000004 seconds

Classification Report: 
                precision    recall  f1-score   support

        Benign  0.97291422 0.95468518 0.96371351     47821
     HTTPFlood  0.96129261 0.96581989 0.96355094     14014
     ICMPFlood  0.97600000 1.00000000 0.98785425       122
      SYNFlood  0.94521820 0.99803922 0.97091082      1020
       SYNScan  0.99501744 0.99452191 0.99476961      2008
   SlowrateDoS  0.93780226 0.96770169 0.95251740      7214
TCPConnectScan  0.95800781 0.99644490 0.97684839      1969
      UDPFlood  0.96520931 0.97488480 0.97002293     45789
       UDPScan  0.99571341 0.99754601 0.99662887      1630

      accuracy                      0.96666584    121587
     macro avg  0.96746392 0.98329373 0.97520186    121587
  weighted avg  0.96678987 0.96666584 0.96665804    121587


Confusion Matrix:
[[45654,   323,     3,    45,     6,   126,    84,  1580,     0],
 [  103, 13535,     0,     9,     0,   337,     0,    29,     1],
 [    0,     0,   122,     0,     0,     0,     0,     0,     0],
 [    0,     1,     0,  1018,     1,     0,     0,     0,     0],
 [    4,     1,     0,     3,  1997,     0,     0,     0,     3],
 [   13,   218,     0,     2,     0,  6981,     0,     0,     0],
 [    3,     2,     0,     0,     1,     0,  1962,     0,     1],
 [ 1148,     0,     0,     0,     0,     0,     0, 44639,     2],
 [    0,     0,     0,     0,     2,     0,     2,     0,  1626]]

