==========================================================================================
Experiment Run: 2026-02-03 07:59:27
==========================================================================================
Accuracy: 0.90461151
Precision: 0.92277822
Recall: 0.90461151
F1 Score: 0.90678386
Training Time: 2.0619 seconds
Prediction Time: 0.1381 seconds
Latency per sample: 0.00000114 seconds

Classification Report: 
                precision    recall  f1-score   support

        Benign  0.91249064 0.96792204 0.93938933     47821
     HTTPFlood  0.85688006 0.99714571 0.92170701     14014
     ICMPFlood  0.84722222 1.00000000 0.91729323       122
      SYNFlood  0.85494717 0.87254902 0.86365842      1020
       SYNScan  0.94400631 0.59611554 0.73076923      2008
   SlowrateDoS  0.97492224 0.69517605 0.81162000      7214
TCPConnectScan  0.66893965 0.99644490 0.80048960      1969
      UDPFlood  0.97609792 0.84994213 0.90866215     45789
       UDPScan  0.39113680 0.99631902 0.56174334      1630

      accuracy                      0.90461151    121587
     macro avg  0.82518256 0.88573493 0.82837026    121587
  weighted avg  0.92277822 0.90461151 0.90678386    121587


Confusion Matrix:
[[46287,   183,    12,   139,    50,    99,    42,   953,    56],
 [    3, 13974,     4,     1,     3,    28,     0,     0,     1],
 [    0,     0,   122,     0,     0,     0,     0,     0,     0],
 [    0,     0,     1,   890,     0,     0,   129,     0,     0],
 [    0,     0,     4,     5,  1197,     0,   800,     0,     2],
 [   27,  2151,     0,     1,    15,  5015,     0,     0,     5],
 [    0,     0,     1,     4,     0,     2,  1962,     0,     0],
 [ 4407,     0,     0,     0,     0,     0,     0, 38918,  2464],
 [    2,     0,     0,     1,     3,     0,     0,     0,  1624]]

