==========================================================================================
Experiment Run: 2026-02-03 07:59:24
==========================================================================================
Accuracy: 0.97312213
Precision: 0.97315626
Recall: 0.97312213
F1 Score: 0.97311031
Training Time: 0.1508 seconds
Prediction Time: 0.0525 seconds
Latency per sample: 0.00000043 seconds

Classification Report: 
                precision    recall  f1-score   support

        Benign  0.97522394 0.96302879 0.96908800     47821
     HTTPFlood  0.98030185 0.98722706 0.98375227     14014
     ICMPFlood  0.97600000 1.00000000 0.98785425       122
      SYNFlood  0.99028183 0.99901961 0.99463153      1020
       SYNScan  0.98860822 0.99402390 0.99130867      2008
   SlowrateDoS  0.95855905 0.98114777 0.96972188      7214
TCPConnectScan  1.00000000 0.99644490 0.99821928      1969
      UDPFlood  0.96828014 0.97466640 0.97146278     45789
       UDPScan  0.99024985 0.99693252 0.99357994      1630

      accuracy                      0.97312213    121587
     macro avg  0.98083387 0.98805455 0.98440207    121587
  weighted avg  0.97315626 0.97312213 0.97311031    121587


Confusion Matrix:
[[46053,   141,     1,     6,    18,   132,     0,  1462,     8],
 [    5, 13835,     0,     0,     0,   174,     0,     0,     0],
 [    0,     0,   122,     0,     0,     0,     0,     0,     0],
 [    0,     1,     0,  1019,     0,     0,     0,     0,     0],
 [    2,     0,     2,     4,  1996,     0,     0,     0,     4],
 [    0,   136,     0,     0,     0,  7078,     0,     0,     0],
 [    3,     0,     0,     0,     1,     0,  1962,     0,     3],
 [ 1159,     0,     0,     0,     0,     0,     0, 44629,     1],
 [    1,     0,     0,     0,     4,     0,     0,     0,  1625]]

