==========================================================================================
Experiment Run: 2026-02-03 07:59:29
==========================================================================================
Accuracy: 0.96243019
Precision: 0.96282628
Recall: 0.96243019
F1 Score: 0.96248248
Training Time: 0.9548 seconds
Prediction Time: 0.0601 seconds
Latency per sample: 0.00000049 seconds

Classification Report: 
                precision    recall  f1-score   support

        Benign  0.96069750 0.95738274 0.95903726     47821
     HTTPFlood  0.98815044 0.95804196 0.97286330     14014
     ICMPFlood  0.96825397 1.00000000 0.98387097       122
      SYNFlood  0.97982709 1.00000000 0.98981077      1020
       SYNScan  0.99750250 0.99452191 0.99600998      2008
   SlowrateDoS  0.90576314 0.99126698 0.94658813      7214
TCPConnectScan  0.98248248 0.99695277 0.98966473      1969
      UDPFlood  0.96272516 0.95946625 0.96109294     45789
       UDPScan  0.98543689 0.99631902 0.99084808      1630

      accuracy                      0.96243019    121587
     macro avg  0.97009324 0.98377240 0.97664291    121587
  weighted avg  0.96282628 0.96243019 0.96248248    121587


Confusion Matrix:
[[45783,    98,     0,    15,     1,   170,    35,  1701,    18],
 [   15, 13426,     0,     0,     0,   573,     0,     0,     0],
 [    0,     0,   122,     0,     0,     0,     0,     0,     0],
 [    0,     0,     0,  1020,     0,     0,     0,     0,     0],
 [    0,     0,     3,     4,  1997,     1,     0,     0,     3],
 [    0,    63,     0,     0,     0,  7151,     0,     0,     0],
 [    0,     0,     1,     1,     1,     0,  1963,     0,     3],
 [ 1856,     0,     0,     0,     0,     0,     0, 43933,     0],
 [    2,     0,     0,     1,     3,     0,     0,     0,  1624]]

