==========================================================================================
Experiment Run: 2026-02-03 07:59:25
==========================================================================================
Accuracy: 0.97425712
Precision: 0.97431145
Recall: 0.97425712
F1 Score: 0.97424848
Training Time: 0.7222 seconds
Prediction Time: 0.0487 seconds
Latency per sample: 0.00000040 seconds

Classification Report: 
                precision    recall  f1-score   support

        Benign  0.97756193 0.96388616 0.97067588     47821
     HTTPFlood  0.98294001 0.98672756 0.98483014     14014
     ICMPFlood  0.99186992 1.00000000 0.99591837       122
      SYNFlood  0.97792706 0.99901961 0.98836081      1020
       SYNScan  0.99058007 0.99501992 0.99279503      2008
   SlowrateDoS  0.95443483 0.97851400 0.96632444      7214
TCPConnectScan  0.98940998 0.99644490 0.99291498      1969
      UDPFlood  0.96932874 0.97733080 0.97331332     45789
       UDPScan  0.99084808 0.99631902 0.99357602      1630

      accuracy                      0.97425712    121587
     macro avg  0.98054451 0.98814022 0.98430100    121587
  weighted avg  0.97431145 0.97425712 0.97424848    121587


Confusion Matrix:
[[46094,    89,     1,    18,    15,   157,    21,  1415,    11],
 [    5, 13828,     0,     0,     0,   180,     0,     1,     0],
 [    0,     0,   122,     0,     0,     0,     0,     0,     0],
 [    0,     1,     0,  1019,     0,     0,     0,     0,     0],
 [    6,     0,     0,     3,  1998,     0,     0,     0,     1],
 [    3,   150,     0,     2,     0,  7059,     0,     0,     0],
 [    3,     0,     0,     0,     1,     0,  1962,     0,     3],
 [ 1038,     0,     0,     0,     0,     0,     0, 44751,     0],
 [    3,     0,     0,     0,     3,     0,     0,     0,  1624]]

