==========================================================================================
Experiment Run: 2026-02-02 12:05:16
==========================================================================================
Accuracy: 0.51705363
Precision: 0.62215145
Recall: 0.51705363
F1 Score: 0.47545736
Training Time: 0.2463 seconds
Prediction Time: 0.0182 seconds
Latency per sample: 0.00000015 seconds

Classification Report: 
                precision    recall  f1-score   support

        Benign  0.61170389 0.26973505 0.37438324     47821
     HTTPFlood  0.89864865 0.01898102 0.03717680     14014
     ICMPFlood  0.99186992 1.00000000 0.99591837       122
      SYNFlood  0.00045331 0.00098039 0.00061996      1020
       SYNScan  0.15672753 0.99601594 0.27083757      2008
   SlowrateDoS  0.37394320 0.23911838 0.29170542      7214
TCPConnectScan  0.00586690 0.03402743 0.01000822      1969
      UDPFlood  0.66430511 0.99932298 0.79808145     45789
       UDPScan  0.14500000 0.01779141 0.03169399      1630

      accuracy                      0.51705363    121587
     macro avg  0.42761317 0.39733029 0.31226945    121587
  weighted avg  0.62215145 0.51705363 0.47545736    121587


Confusion Matrix:
[[12899,    25,     0,  1312,  5401,    33,  6503, 21503,   145],
 [ 4952,   266,     0,   844,  1279,  2851,  3817,     0,     5],
 [    0,     0,   122,     0,     0,     0,     0,     0,     0],
 [   11,     0,     0,     1,  1007,     0,     0,     0,     1],
 [    0,     0,     1,     0,  2000,     0,     5,     0,     2],
 [ 3211,     5,     0,    49,  1189,  1725,   996,    22,    17],
 [   14,     0,     0,     0,  1883,     4,    67,     0,     1],
 [    0,     0,     0,     0,     0,     0,    31, 45758,     0],
 [    0,     0,     0,     0,     2,     0,     1,  1598,    29]]

