==========================================================================================
Experiment Run: 2026-02-02 13:54:50
==========================================================================================
Accuracy: 0.77627542
Precision: 0.82749598
Recall: 0.77627542
F1 Score: 0.76163529
Training Time: 6574.4319 seconds
Prediction Time: 0.1103 seconds
Latency per sample: 0.00000091 seconds

Classification Report: 
                precision    recall  f1-score   support

        Benign  0.98135653 0.57788419 0.72741870     47821
     HTTPFlood  0.97707632 0.76644784 0.85903947     14014
     ICMPFlood  1.00000000 0.88524590 0.93913043       122
      SYNFlood  0.98214286 0.86274510 0.91858038      1020
       SYNScan  0.50921187 0.99103586 0.67275186      2008
   SlowrateDoS  0.68880070 0.98641530 0.81117127      7214
TCPConnectScan  0.66558442 0.10411376 0.18006148      1969
      UDPFlood  0.68373102 0.99814366 0.81154891     45789
       UDPScan  0.15789474 0.00368098 0.00719424      1630

      accuracy                      0.77627542    121587
     macro avg  0.73842205 0.68619029 0.65854408    121587
  weighted avg  0.82749598 0.77627542 0.76163529    121587


Confusion Matrix:
[[27635,   181,     0,    14,    26,   361,    36, 19543,    25],
 [  423, 10741,     0,     0,     0,  2850,     0,     0,     0],
 [    0,     0,   108,     0,     0,     0,    14,     0,     0],
 [    0,     0,     0,   880,   127,     0,     2,    11,     0],
 [    0,     0,     0,     0,  1990,     0,    14,     0,     4],
 [    3,    71,     0,     2,    22,  7116,     0,     0,     0],
 [   14,     0,     0,     0,  1743,     4,   205,     0,     3],
 [   85,     0,     0,     0,     0,     0,     0, 45704,     0],
 [    0,     0,     0,     0,     0,     0,    37,  1587,     6]]

