==========================================================================================
Experiment Run: 2026-02-02 13:57:33
==========================================================================================
Accuracy: 0.98028572
Precision: 0.98030768
Recall: 0.98028572
F1 Score: 0.98028588
Training Time: 86.5137 seconds
Prediction Time: 0.0080 seconds
Latency per sample: 0.00000007 seconds

Classification Report: 
                precision    recall  f1-score   support

        Benign  0.98044669 0.97304531 0.97673198     47821
     HTTPFlood  0.99379015 0.99350649 0.99364830     14014
     ICMPFlood  1.00000000 1.00000000 1.00000000       122
      SYNFlood  0.99706745 1.00000000 0.99853157      1020
       SYNScan  0.99800598 0.99701195 0.99750872      2008
   SlowrateDoS  0.98686030 0.98904907 0.98795348      7214
TCPConnectScan  0.99796851 0.99796851 0.99796851      1969
      UDPFlood  0.97245042 0.97979864 0.97611070     45789
       UDPScan  0.99693627 0.99815951 0.99754752      1630

      accuracy                      0.98028572    121587
     macro avg  0.99150286 0.99205994 0.99177786    121587
  weighted avg  0.98030768 0.98028572 0.98028588    121587


Confusion Matrix:
[[46532,    11,     0,     1,     0,     6,     0,  1271,     0],
 [    2, 13923,     0,     0,     0,    89,     0,     0,     0],
 [    0,     0,   122,     0,     0,     0,     0,     0,     0],
 [    0,     0,     0,  1020,     0,     0,     0,     0,     0],
 [    0,     0,     0,     2,  2002,     0,     3,     0,     1],
 [    1,    76,     0,     0,     0,  7135,     0,     0,     2],
 [    0,     0,     0,     0,     2,     0,  1965,     0,     2],
 [  925,     0,     0,     0,     0,     0,     0, 44864,     0],
 [    0,     0,     0,     0,     2,     0,     1,     0,  1627]]

