==========================================================================================
Experiment Run: 2026-02-02 12:04:57
==========================================================================================
Accuracy: 0.98091079
Precision: 0.98093936
Recall: 0.98091079
F1 Score: 0.98091225
Training Time: 134.9157 seconds
Prediction Time: 0.0896 seconds
Latency per sample: 0.00000074 seconds

Classification Report: 
                precision    recall  f1-score   support

        Benign  0.98111139 0.97321261 0.97714604     47821
     HTTPFlood  0.99585685 0.99479092 0.99532360     14014
     ICMPFlood  1.00000000 1.00000000 1.00000000       122
      SYNFlood  0.99804305 1.00000000 0.99902057      1020
       SYNScan  0.99800499 0.99651394 0.99725891      2008
   SlowrateDoS  0.98990458 0.99223732 0.99106957      7214
TCPConnectScan  0.99695586 0.99796851 0.99746193      1969
      UDPFlood  0.97229983 0.98045382 0.97635980     45789
       UDPScan  0.99815725 0.99693252 0.99754451      1630

      accuracy                      0.98091079    121587
     macro avg  0.99225931 0.99245663 0.99235388    121587
  weighted avg  0.98093936 0.98091079 0.98091225    121587


Confusion Matrix:
[[46540,     2,     0,     0,     0,     0,     0,  1279,     0],
 [    0, 13941,     0,     0,     0,    73,     0,     0,     0],
 [    0,     0,   122,     0,     0,     0,     0,     0,     0],
 [    0,     0,     0,  1020,     0,     0,     0,     0,     0],
 [    0,     0,     0,     2,  2001,     0,     4,     0,     1],
 [    0,    56,     0,     0,     0,  7158,     0,     0,     0],
 [    0,     0,     0,     0,     2,     0,  1965,     0,     2],
 [  895,     0,     0,     0,     0,     0,     0, 44894,     0],
 [    1,     0,     0,     0,     2,     0,     2,     0,  1625]]

