==========================================================================================
Experiment Run: 2026-02-02 13:56:06
==========================================================================================
Accuracy: 0.98463652
Precision: 0.98481811
Recall: 0.98463652
F1 Score: 0.98463846
Training Time: 0.2008 seconds
Prediction Time: 75.4245 seconds
Latency per sample: 0.00062033 seconds

Classification Report: 
                precision    recall  f1-score   support

        Benign  0.99314234 0.97212522 0.98252140     47821
     HTTPFlood  0.99455470 0.99050949 0.99252798     14014
     ICMPFlood  1.00000000 1.00000000 1.00000000       122
      SYNFlood  0.99804305 1.00000000 0.99902057      1020
       SYNScan  0.99750499 0.99551793 0.99651047      2008
   SlowrateDoS  0.98106217 0.99098974 0.98600097      7214
TCPConnectScan  0.99645210 0.99847638 0.99746322      1969
      UDPFlood  0.97189150 0.99298958 0.98232727     45789
       UDPScan  0.99754601 0.99754601 0.99754601      1630

      accuracy                      0.98463652    121587
     macro avg  0.99224410 0.99312826 0.99265754    121587
  weighted avg  0.98481811 0.98463652 0.98463846    121587


Confusion Matrix:
[[46488,    11,     0,     0,     2,     5,     0,  1315,     0],
 [    0, 13881,     0,     0,     0,   133,     0,     0,     0],
 [    0,     0,   122,     0,     0,     0,     0,     0,     0],
 [    0,     0,     0,  1020,     0,     0,     0,     0,     0],
 [    0,     0,     0,     2,  1999,     0,     4,     0,     3],
 [    0,    65,     0,     0,     0,  7149,     0,     0,     0],
 [    0,     0,     0,     0,     2,     0,  1966,     0,     1],
 [  321,     0,     0,     0,     0,     0,     0, 45468,     0],
 [    0,     0,     0,     0,     1,     0,     3,     0,  1626]]

