==========================================================================================
Experiment Run: 2026-02-02 14:14:33
==========================================================================================
Accuracy: 0.97834472
Precision: 0.97916995
Recall: 0.97834472
F1 Score: 0.97834407
Training Time: 1020.2405 seconds
Prediction Time: 0.0595 seconds
Latency per sample: 0.00000049 seconds

Classification Report: 
                precision    recall  f1-score   support

        Benign  0.99884024 0.95451789 0.97617622     47821
     HTTPFlood  0.99350696 0.98266020 0.98805381     14014
     ICMPFlood  0.99186992 1.00000000 0.99591837       122
      SYNFlood  0.99789916 0.93137255 0.96348884      1020
       SYNScan  0.96480231 0.99651394 0.98040176      2008
   SlowrateDoS  0.96678867 0.98863321 0.97758892      7214
TCPConnectScan  0.99795082 0.98933469 0.99362408      1969
      UDPFlood  0.95488502 0.99936666 0.97661961     45789
       UDPScan  0.99815612 0.99631902 0.99723672      1630

      accuracy                      0.97834472    121587
     macro avg  0.98496658 0.98207980 0.98323426    121587
  weighted avg  0.97916995 0.97834472 0.97834407    121587


Confusion Matrix:
[[45646,    11,     0,     0,     0,     0,     1,  2162,     1],
 [    3, 13771,     0,     0,     0,   240,     0,     0,     0],
 [    0,     0,   122,     0,     0,     0,     0,     0,     0],
 [    0,     0,     0,   950,    70,     0,     0,     0,     0],
 [    0,     2,     1,     2,  2001,     0,     1,     0,     1],
 [    5,    77,     0,     0,     0,  7132,     0,     0,     0],
 [   14,     0,     0,     0,     2,     4,  1948,     0,     1],
 [   29,     0,     0,     0,     0,     0,     0, 45760,     0],
 [    2,     0,     0,     0,     1,     1,     2,     0,  1624]]

