==========================================================================================
Experiment Run: 2026-02-02 12:02:42
==========================================================================================
Accuracy: 0.86218099
Precision: 0.85644522
Recall: 0.86218099
F1 Score: 0.85286986
Training Time: 51.5416 seconds
Prediction Time: 0.0038 seconds
Latency per sample: 0.00000003 seconds

Classification Report: 
                precision    recall  f1-score   support

        Benign  0.99153385 0.85472909 0.91806298     47821
     HTTPFlood  0.95073159 0.82067932 0.88093141     14014
     ICMPFlood  0.00000000 0.00000000 0.00000000       122
      SYNFlood  0.01015228 0.00196078 0.00328677      1020
       SYNScan  0.00402253 0.00249004 0.00307598      2008
   SlowrateDoS  0.72948136 0.95730524 0.82800791      7214
TCPConnectScan  0.02969894 0.03707466 0.03297944      1969
      UDPFlood  0.82974413 0.99292406 0.90402951     45789
       UDPScan  0.03703704 0.00245399 0.00460299      1630

      accuracy                      0.86218099    121587
     macro avg  0.39804464 0.40773524 0.39721967    121587
  weighted avg  0.85644522 0.86218099 0.85286986    121587


Confusion Matrix:
[[40874,   330,     0,    35,   357,   184,  2239,  3706,    96],
 [    0, 11501,     0,   140,     0,  2373,     0,     0,     0],
 [    0,     0,     0,     0,     0,     0,   122,     0,     0],
 [   11,     0,     0,     2,   878,     0,     0,   129,     0],
 [    0,     0,     0,     0,     5,     0,     6,  1995,     2],
 [    0,   266,     0,    20,     0,  6906,    17,     0,     5],
 [   14,     0,     0,     0,     3,     4,    73,  1874,     1],
 [  324,     0,     0,     0,     0,     0,     0, 45465,     0],
 [    0,     0,     0,     0,     0,     0,     1,  1625,     4]]

