==========================================================================================
Experiment Run: 2026-02-02 12:05:15
==========================================================================================
Accuracy: 0.98158520
Precision: 0.98215924
Recall: 0.98158520
F1 Score: 0.98159477
Training Time: 17.3683 seconds
Prediction Time: 0.0994 seconds
Latency per sample: 0.00000082 seconds

Classification Report: 
                precision    recall  f1-score   support

        Benign  0.99841587 0.96210870 0.97992609     47821
     HTTPFlood  0.99500398 0.98059084 0.98774483     14014
     ICMPFlood  1.00000000 1.00000000 1.00000000       122
      SYNFlood  0.99804305 1.00000000 0.99902057      1020
       SYNScan  0.99800399 0.99601594 0.99700897      2008
   SlowrateDoS  0.96333738 0.99071250 0.97683319      7214
TCPConnectScan  0.99746193 0.99796851 0.99771516      1969
      UDPFlood  0.96195686 0.99842757 0.97985297     45789
       UDPScan  0.99632353 0.99754601 0.99693440      1630

      accuracy                      0.98158520    121587
     macro avg  0.98983851 0.99148556 0.99055958    121587
  weighted avg  0.98215924 0.98158520 0.98159477    121587


Confusion Matrix:
[[46009,     2,     0,     0,     0,     0,     1,  1808,     1],
 [    0, 13742,     0,     0,     0,   272,     0,     0,     0],
 [    0,     0,   122,     0,     0,     0,     0,     0,     0],
 [    0,     0,     0,  1020,     0,     0,     0,     0,     0],
 [    0,     0,     0,     2,  2000,     0,     3,     0,     3],
 [    0,    67,     0,     0,     0,  7147,     0,     0,     0],
 [    0,     0,     0,     0,     2,     0,  1965,     0,     2],
 [   72,     0,     0,     0,     0,     0,     0, 45717,     0],
 [    1,     0,     0,     0,     2,     0,     1,     0,  1626]]

