==========================================================================================
Experiment Run: 2026-02-02 14:14:35
==========================================================================================
Accuracy: 0.77121732
Precision: 0.81685048
Recall: 0.77121732
F1 Score: 0.78275247
Training Time: 1.3109 seconds
Prediction Time: 0.0038 seconds
Latency per sample: 0.00000003 seconds

Classification Report: 
                precision    recall  f1-score   support

        Benign  0.88315003 0.79592648 0.83727274     47821
     HTTPFlood  0.91986900 0.60125589 0.72719427     14014
     ICMPFlood  0.00000000 0.00000000 0.00000000       122
      SYNFlood  0.00129032 0.00098039 0.00111421      1020
       SYNScan  0.01315789 0.00049801 0.00095969      2008
   SlowrateDoS  0.56572492 0.92708622 0.70266863      7214
TCPConnectScan  0.06457740 0.10360589 0.07956318      1969
      UDPFlood  0.86602614 0.84646968 0.85613624     45789
       UDPScan  0.18634180 0.99938650 0.31411492      1630

      accuracy                      0.77121732    121587
     macro avg  0.38890417 0.47502323 0.39100265    121587
  weighted avg  0.81685048 0.77121732 0.78275247    121587


Confusion Matrix:
[[38062,   352,     0,   182,    72,   167,  2684,  5983,   319],
 [   30,  8426,     0,   569,     0,  4963,    26,     0,     0],
 [    0,     0,     0,     0,     0,     0,   122,     0,     0],
 [    0,     0,     0,     1,     0,     0,     0,     8,  1011],
 [    0,     0,     0,     0,     1,     0,     6,     0,  2001],
 [    0,   382,     0,    23,     0,  6688,   116,     5,     0],
 [    0,     0,     0,     0,     3,     4,   204,     0,  1758],
 [ 5006,     0,     0,     0,     0,     0,     0, 38759,  2024],
 [    0,     0,     0,     0,     0,     0,     1,     0,  1629]]

