==========================================================================================
Experiment Run: 2026-02-02 16:11:36
==========================================================================================
Accuracy: 0.98408547
Precision: 0.98422775
Recall: 0.98408547
F1 Score: 0.98408868
Training Time: 6945.7363 seconds
Prediction Time: 74.5845 seconds
Latency per sample: 0.00061343 seconds

Classification Report: 
                precision    recall  f1-score   support

        Benign  0.99069183 0.97260618 0.98156570     47821
     HTTPFlood  0.99634173 0.99115171 0.99373994     14014
     ICMPFlood  1.00000000 1.00000000 1.00000000       122
      SYNFlood  0.99804305 1.00000000 0.99902057      1020
       SYNScan  0.99800499 0.99651394 0.99725891      2008
   SlowrateDoS  0.98298806 0.99320765 0.98807143      7214
TCPConnectScan  0.99746193 0.99796851 0.99771516      1969
      UDPFlood  0.97196742 0.99045622 0.98112473     45789
       UDPScan  0.99754601 0.99754601 0.99754601      1630

      accuracy                      0.98408547    121587
     macro avg  0.99256056 0.99327225 0.99289361    121587
  weighted avg  0.98422775 0.98408547 0.98408868    121587


Confusion Matrix:
[[46511,     2,     0,     0,     0,     0,     0,  1308,     0],
 [    0, 13890,     0,     0,     0,   124,     0,     0,     0],
 [    0,     0,   122,     0,     0,     0,     0,     0,     0],
 [    0,     0,     0,  1020,     0,     0,     0,     0,     0],
 [    0,     0,     0,     2,  2001,     0,     3,     0,     2],
 [    0,    49,     0,     0,     0,  7165,     0,     0,     0],
 [    0,     0,     0,     0,     2,     0,  1965,     0,     2],
 [  437,     0,     0,     0,     0,     0,     0, 45352,     0],
 [    0,     0,     0,     0,     2,     0,     2,     0,  1626]]

