==========================================================================================
Experiment Run: 2026-01-25 21:44:24
==========================================================================================
Accuracy: 0.72886904
Precision: 0.81236014
Recall: 0.72886904
F1 Score: 0.70082468
Training Time: 0.0528 seconds
Prediction Time: 0.0091 seconds
Latency per sample: 0.00000008 seconds

Classification Report: 
                precision    recall  f1-score   support

        Benign  0.99784770 0.40718513 0.57836192     47821
     HTTPFlood  0.85133735 0.99707435 0.91846058     14014
     ICMPFlood  1.00000000 1.00000000 1.00000000       122
      SYNFlood  0.92050209 0.86274510 0.89068826      1020
       SYNScan  0.47129695 0.99352590 0.63932062      2008
   SlowrateDoS  0.98982135 0.66052121 0.79231792      7214
TCPConnectScan  0.00000000 0.00000000 0.00000000      1969
      UDPFlood  0.61982565 1.00000000 0.76529922     45789
       UDPScan  0.97832631 0.99693252 0.98754178      1630

      accuracy                      0.72886904    121587
     macro avg  0.75877305 0.76866491 0.73022114    121587
  weighted avg  0.81236014 0.72886904 0.70082468    121587


Confusion Matrix:
[[19472,     9,     0,    63,   165,     8,     0, 28085,    19],
 [    0, 13973,     0,     0,     0,    41,     0,     0,     0],
 [    0,     0,   122,     0,     0,     0,     0,     0,     0],
 [   11,     0,     0,   880,   129,     0,     0,     0,     0],
 [    7,     0,     0,     6,  1995,     0,     0,     0,     0],
 [    5,  2427,     0,     0,     0,  4765,     0,     0,    17],
 [   18,     4,     0,     3,  1944,     0,     0,     0,     0],
 [    0,     0,     0,     0,     0,     0,     0, 45789,     0],
 [    1,     0,     0,     4,     0,     0,     0,     0,  1625]]

