==========================================================================================
Experiment Run: 2026-01-25 21:47:40
==========================================================================================
Accuracy: 0.97660934
Precision: 0.97661572
Recall: 0.97660934
F1 Score: 0.97661199
Training Time: 2.3638 seconds
Prediction Time: 0.0059 seconds
Latency per sample: 0.00000005 seconds

Classification Report: 
                precision    recall  f1-score   support

        Benign  0.97396215 0.97383994 0.97390104     47821
     HTTPFlood  0.99615165 0.99743114 0.99679099     14014
     ICMPFlood  1.00000000 1.00000000 1.00000000       122
      SYNFlood  0.86918605 0.87941176 0.87426901      1020
       SYNScan  0.99900150 0.99651394 0.99775617      2008
   SlowrateDoS  0.99513821 0.99306903 0.99410255      7214
TCPConnectScan  0.93615935 0.93092941 0.93353705      1969
      UDPFlood  0.97287677 0.97291926 0.97289801     45789
       UDPScan  0.99633028 0.99938650 0.99785605      1630

      accuracy                      0.97660934    121587
     macro avg  0.97097844 0.97150011 0.97123454    121587
  weighted avg  0.97661572 0.97660934 0.97661199    121587


Confusion Matrix:
[[46570,     4,     0,     0,     1,     1,     1,  1242,     2],
 [    2, 13978,     0,     0,     0,    34,     0,     0,     0],
 [    0,     0,   122,     0,     0,     0,     0,     0,     0],
 [    0,     0,     0,   897,     0,     0,   123,     0,     0],
 [    1,     0,     0,     3,  2001,     0,     1,     0,     2],
 [    0,    50,     0,     0,     0,  7164,     0,     0,     0],
 [    2,     0,     0,   132,     0,     0,  1833,     0,     2],
 [ 1240,     0,     0,     0,     0,     0,     0, 44549,     0],
 [    0,     0,     0,     0,     1,     0,     0,     0,  1629]]

