==========================================================================================
Experiment Run: 2026-01-25 21:50:12
==========================================================================================
Accuracy: 0.97229145
Precision: 0.97240099
Recall: 0.97229145
F1 Score: 0.97227650
Training Time: 151.8617 seconds
Prediction Time: 0.0241 seconds
Latency per sample: 0.00000020 seconds

Classification Report: 
                precision    recall  f1-score   support

        Benign  0.97267598 0.96250601 0.96756427     47821
     HTTPFlood  0.99514563 0.99471957 0.99493255     14014
     ICMPFlood  1.00000000 1.00000000 1.00000000       122
      SYNFlood  0.99331104 0.87352941 0.92957746      1020
       SYNScan  0.99849850 0.99352590 0.99600599      2008
   SlowrateDoS  0.98975211 0.99071250 0.99023207      7214
TCPConnectScan  0.93568366 0.99746064 0.96558505      1969
      UDPFlood  0.96139722 0.97195833 0.96664893     45789
       UDPScan  0.99815838 0.99754601 0.99785210      1630

      accuracy                      0.97229145    121587
     macro avg  0.98273583 0.97577315 0.97871094    121587
  weighted avg  0.97240099 0.97229145 0.97227650    121587


Confusion Matrix:
[[46028,     1,     0,     2,     1,     0,     2,  1787,     0],
 [    0, 13940,     0,     0,     0,    74,     0,     0,     0],
 [    0,     0,   122,     0,     0,     0,     0,     0,     0],
 [    0,     0,     0,   891,     0,     0,   129,     0,     0],
 [    4,     0,     0,     4,  1995,     0,     4,     0,     1],
 [    0,    67,     0,     0,     0,  7147,     0,     0,     0],
 [    1,     0,     0,     0,     2,     0,  1964,     0,     2],
 [ 1284,     0,     0,     0,     0,     0,     0, 44505,     0],
 [    4,     0,     0,     0,     0,     0,     0,     0,  1626]]

