==========================================================================================
Experiment Run: 2026-01-25 21:01:56
==========================================================================================
Accuracy: 0.93945899
Precision: 0.94376350
Recall: 0.93945899
F1 Score: 0.94070262
Training Time: 397.4455 seconds
Prediction Time: 0.0034 seconds
Latency per sample: 0.00000003 seconds

Classification Report: 
                precision    recall  f1-score   support

        Benign  0.95249743 0.92833692 0.94026200     47821
     HTTPFlood  0.96084489 0.95433138 0.95757706     14014
     ICMPFlood  0.26180258 1.00000000 0.41496599       122
      SYNFlood  0.82423682 0.87352941 0.84816754      1020
       SYNScan  0.96522177 0.95368526 0.95941884      2008
   SlowrateDoS  0.87927107 0.96312725 0.91929082      7214
TCPConnectScan  0.80016347 0.99441341 0.88677536      1969
      UDPFlood  0.95734070 0.93904650 0.94810535     45789
       UDPScan  0.71756399 0.99754601 0.83470226      1630

      accuracy                      0.93945899    121587
     macro avg  0.81321586 0.95600179 0.85658502    121587
  weighted avg  0.94376350 0.93945899 0.94070262    121587


Confusion Matrix:
[[44394,   301,   339,   182,    63,   315,   277,  1916,    34],
 [    5, 13374,     0,     0,     0,   635,     0,     0,     0],
 [    0,     0,   122,     0,     0,     0,     0,     0,     0],
 [    0,     0,     0,   891,     0,     0,   129,     0,     0],
 [    0,     0,     4,     4,  1915,     0,    83,     0,     2],
 [    5,   244,     0,     0,     0,  6948,     0,     0,    17],
 [    0,     0,     1,     3,     3,     4,  1958,     0,     0],
 [ 2204,     0,     0,     0,     0,     0,     0, 42998,   587],
 [    0,     0,     0,     1,     3,     0,     0,     0,  1626]]

