==========================================================================================
Experiment Run: 2026-01-25 21:47:38
==========================================================================================
Accuracy: 0.97927410
Precision: 0.97930151
Recall: 0.97927410
F1 Score: 0.97925560
Training Time: 0.3474 seconds
Prediction Time: 5.5311 seconds
Latency per sample: 0.00004549 seconds

Classification Report: 
                precision    recall  f1-score   support

        Benign  0.97924231 0.97563832 0.97743699     47821
     HTTPFlood  0.99010887 0.99286428 0.99148466     14014
     ICMPFlood  0.99186992 1.00000000 0.99591837       122
      SYNFlood  0.97065217 0.87549020 0.92061856      1020
       SYNScan  0.99700748 0.99551793 0.99626215      2008
   SlowrateDoS  0.98544093 0.98516773 0.98530431      7214
TCPConnectScan  0.93807450 0.98476384 0.96085233      1969
      UDPFlood  0.97555081 0.97859748 0.97707177     45789
       UDPScan  0.99877301 0.99877301 0.99877301      1630

      accuracy                      0.97927410    121587
     macro avg  0.98074667 0.97631253 0.97819135    121587
  weighted avg  0.97930151 0.97927410 0.97925560    121587


Confusion Matrix:
[[46656,    33,     0,     0,     1,     6,     2,  1123,     0],
 [    3, 13914,     0,     0,     0,    97,     0,     0,     0],
 [    0,     0,   122,     0,     0,     0,     0,     0,     0],
 [    4,     0,     0,   893,     0,     0,   123,     0,     0],
 [    0,     0,     1,     4,  1999,     0,     3,     0,     1],
 [    1,   106,     0,     0,     0,  7107,     0,     0,     0],
 [    1,     0,     0,    23,     3,     2,  1939,     0,     1],
 [  980,     0,     0,     0,     0,     0,     0, 44809,     0],
 [    0,     0,     0,     0,     2,     0,     0,     0,  1628]]

