==========================================================================================
Experiment Run: 2026-01-25 21:44:24
==========================================================================================
Accuracy: 0.98256393
Precision: 0.98311321
Recall: 0.98256393
F1 Score: 0.98254713
Training Time: 4.1716 seconds
Prediction Time: 0.1086 seconds
Latency per sample: 0.00000089 seconds

Classification Report: 
                precision    recall  f1-score   support

        Benign  0.99739961 0.96248510 0.97963136     47821
     HTTPFlood  0.99700748 0.99850150 0.99775393     14014
     ICMPFlood  1.00000000 1.00000000 1.00000000       122
      SYNFlood  0.99664430 0.87352941 0.93103448      1020
       SYNScan  0.99850150 0.99551793 0.99700748      2008
   SlowrateDoS  0.99708049 0.99417799 0.99562713      7214
TCPConnectScan  0.93568366 0.99746064 0.96558505      1969
      UDPFlood  0.96224427 0.99742296 0.97951787     45789
       UDPScan  0.99754902 0.99877301 0.99816064      1630

      accuracy                      0.98256393    121587
     macro avg  0.98690115 0.97976317 0.98270199    121587
  weighted avg  0.98311321 0.98256393 0.98254713    121587


Confusion Matrix:
[[46027,     0,     0,     0,     0,     0,     2,  1792,     0],
 [    0, 13993,     0,     0,     0,    21,     0,     0,     0],
 [    0,     0,   122,     0,     0,     0,     0,     0,     0],
 [    0,     0,     0,   891,     0,     0,   129,     0,     0],
 [    1,     0,     0,     3,  1999,     0,     3,     0,     2],
 [    0,    42,     0,     0,     0,  7172,     0,     0,     0],
 [    1,     0,     0,     0,     2,     0,  1964,     0,     2],
 [  118,     0,     0,     0,     0,     0,     0, 45671,     0],
 [    0,     0,     0,     0,     1,     0,     1,     0,  1628]]

