==========================================================================================
Experiment Run: 2026-01-26 17:52:57
==========================================================================================
Accuracy: 0.97893689
Precision: 0.97893664
Recall: 0.97893689
F1 Score: 0.97893675
Training Time: 3.7103 seconds
Prediction Time: 0.0057 seconds
Latency per sample: 0.00000005 seconds

Classification Report: 
                precision    recall  f1-score   support

        Benign  0.97404743 0.97398632 0.97401688     47821
     HTTPFlood  0.99743224 0.99785928 0.99764572     14014
     ICMPFlood  1.00000000 1.00000000 1.00000000       122
      SYNFlood  1.00000000 1.00000000 1.00000000      1020
       SYNScan  0.99800797 0.99800797 0.99800797      2008
   SlowrateDoS  0.99583796 0.99500970 0.99542366      7214
TCPConnectScan  0.99796851 0.99796851 0.99796851      1969
      UDPFlood  0.97285493 0.97289742 0.97287617     45789
       UDPScan  0.99816064 0.99877301 0.99846673      1630

      accuracy                      0.97893689    121587
     macro avg  0.99270107 0.99272247 0.99271174    121587
  weighted avg  0.97893664 0.97893689 0.97893675    121587


Confusion Matrix:
[[46577,     0,     0,     0,     0,     0,     1,  1243,     0],
 [    0, 13984,     0,     0,     0,    30,     0,     0,     0],
 [    0,     0,   122,     0,     0,     0,     0,     0,     0],
 [    0,     0,     0,  1020,     0,     0,     0,     0,     0],
 [    0,     0,     0,     0,  2004,     0,     3,     0,     1],
 [    0,    36,     0,     0,     0,  7178,     0,     0,     0],
 [    0,     0,     0,     0,     2,     0,  1965,     0,     2],
 [ 1241,     0,     0,     0,     0,     0,     0, 44548,     0],
 [    0,     0,     0,     0,     2,     0,     0,     0,  1628]]

