==========================================================================================
Experiment Run: 2026-01-26 17:52:30
==========================================================================================
Accuracy: 0.92580621
Precision: 0.96240503
Recall: 0.92580621
F1 Score: 0.94254726
Training Time: 237.3365 seconds
Prediction Time: 0.5014 seconds
Latency per sample: 0.00000412 seconds

Classification Report: 
                precision    recall  f1-score   support

        Benign  0.96639471 0.87436482 0.91807922     47821
     HTTPFlood  0.94699483 0.87583845 0.91002780     14014
     ICMPFlood  0.02507193 1.00000000 0.04891740       122
      SYNFlood  0.96637848 0.98627451 0.97622513      1020
       SYNScan  0.99949900 0.99352590 0.99650350      2008
   SlowrateDoS  0.94759110 0.96243416 0.95495495      7214
TCPConnectScan  0.98883249 0.98933469 0.98908352      1969
      UDPFlood  0.96361800 0.97929634 0.97139391     45789
       UDPScan  0.99938462 0.99631902 0.99784946      1630

      accuracy                      0.92580621    121587
     macro avg  0.86708502 0.96193199 0.86255943    121587
  weighted avg  0.96240503 0.92580621 0.94254726    121587


Confusion Matrix:
[[41813,   479,  3679,    24,     1,   112,    20,  1693,     0],
 [  478, 12274,   991,     0,     0,   271,     0,     0,     0],
 [    0,     0,   122,     0,     0,     0,     0,     0,     0],
 [    0,     0,    12,  1006,     0,     1,     1,     0,     0],
 [    0,     1,     5,     6,  1995,     0,     0,     0,     1],
 [   24,   207,    39,     0,     0,  6943,     1,     0,     0],
 [    2,     0,    18,     1,     0,     0,  1948,     0,     0],
 [  948,     0,     0,     0,     0,     0,     0, 44841,     0],
 [    2,     0,     0,     4,     0,     0,     0,     0,  1624]]

