==========================================================================================
Experiment Run: 2026-01-26 17:52:53
==========================================================================================
Accuracy: 0.98137136
Precision: 0.98137241
Recall: 0.98137136
F1 Score: 0.98136921
Training Time: 0.0448 seconds
Prediction Time: 22.7210 seconds
Latency per sample: 0.00018687 seconds

Classification Report: 
                precision    recall  f1-score   support

        Benign  0.97930745 0.97580561 0.97755339     47821
     HTTPFlood  0.99338737 0.99693164 0.99515635     14014
     ICMPFlood  0.99186992 1.00000000 0.99591837       122
      SYNFlood  0.99609375 1.00000000 0.99804305      1020
       SYNScan  0.99700748 0.99551793 0.99626215      2008
   SlowrateDoS  0.99332592 0.99029665 0.99180897      7214
TCPConnectScan  0.99847561 0.99796851 0.99822200      1969
      UDPFlood  0.97557205 0.97859748 0.97708242     45789
       UDPScan  0.99877301 0.99877301 0.99877301      1630

      accuracy                      0.98137136    121587
     macro avg  0.99153473 0.99265454 0.99209108    121587
  weighted avg  0.98137241 0.98137136 0.98136921    121587


Confusion Matrix:
[[46664,    27,     0,     0,     1,     7,     0,  1122,     0],
 [    2, 13971,     0,     0,     0,    41,     0,     0,     0],
 [    0,     0,   122,     0,     0,     0,     0,     0,     0],
 [    0,     0,     0,  1020,     0,     0,     0,     0,     0],
 [    0,     0,     1,     4,  1999,     0,     3,     0,     1],
 [    4,    66,     0,     0,     0,  7144,     0,     0,     0],
 [    0,     0,     0,     0,     3,     0,  1965,     0,     1],
 [  980,     0,     0,     0,     0,     0,     0, 44809,     0],
 [    0,     0,     0,     0,     2,     0,     0,     0,  1628]]

