==========================================================================================
Experiment Run: 2026-01-26 17:48:27
==========================================================================================
Accuracy: 0.97896157
Precision: 0.97896172
Recall: 0.97896157
F1 Score: 0.97896133
Training Time: 10.2055 seconds
Prediction Time: 0.1070 seconds
Latency per sample: 0.00000088 seconds

Classification Report: 
                precision    recall  f1-score   support

        Benign  0.97394831 0.97409088 0.97401959     47821
     HTTPFlood  0.99693732 0.99878693 0.99786127     14014
     ICMPFlood  1.00000000 1.00000000 1.00000000       122
      SYNFlood  1.00000000 1.00000000 1.00000000      1020
       SYNScan  0.99651914 0.99800797 0.99726300      2008
   SlowrateDoS  0.99763495 0.99403937 0.99583391      7214
TCPConnectScan  0.99898271 0.99746064 0.99822109      1969
      UDPFlood  0.97293696 0.97278822 0.97286259     45789
       UDPScan  0.99754601 0.99754601 0.99754601      1630

      accuracy                      0.97896157    121587
     macro avg  0.99272282 0.99252445 0.99262305    121587
  weighted avg  0.97896172 0.97896157 0.97896133    121587


Confusion Matrix:
[[46582,     0,     0,     0,     0,     0,     0,  1239,     0],
 [    0, 13997,     0,     0,     0,    17,     0,     0,     0],
 [    0,     0,   122,     0,     0,     0,     0,     0,     0],
 [    0,     0,     0,  1020,     0,     0,     0,     0,     0],
 [    0,     0,     0,     0,  2004,     0,     2,     0,     2],
 [    0,    43,     0,     0,     0,  7171,     0,     0,     0],
 [    0,     0,     0,     0,     3,     0,  1964,     0,     2],
 [ 1246,     0,     0,     0,     0,     0,     0, 44543,     0],
 [    0,     0,     0,     0,     4,     0,     0,     0,  1626]]

