==========================================================================================
Experiment Run: 2026-01-26 17:58:00
==========================================================================================
Accuracy: 0.98053246
Precision: 0.98054230
Recall: 0.98053246
F1 Score: 0.98053323
Training Time: 230.0552 seconds
Prediction Time: 0.1828 seconds
Latency per sample: 0.00000150 seconds

Classification Report: 
                precision    recall  f1-score   support

        Benign  0.97815677 0.97388177 0.97601459     47821
     HTTPFlood  0.99722044 0.99843014 0.99782492     14014
     ICMPFlood  0.96825397 1.00000000 0.98387097       122
      SYNFlood  0.99706745 1.00000000 0.99853157      1020
       SYNScan  0.99750374 0.99501992 0.99626028      2008
   SlowrateDoS  0.99680467 0.99459385 0.99569803      7214
TCPConnectScan  0.99898271 0.99746064 0.99822109      1969
      UDPFlood  0.97286780 0.97728712 0.97507245     45789
       UDPScan  0.99816064 0.99877301 0.99846673      1630

      accuracy                      0.98053246    121587
     macro avg  0.98944646 0.99282738 0.99110674    121587
  weighted avg  0.98054230 0.98053246 0.98053323    121587


Confusion Matrix:
[[46572,     0,     0,     0,     0,     1,     0,  1248,     0],
 [    0, 13992,     0,     0,     0,    22,     0,     0,     0],
 [    0,     0,   122,     0,     0,     0,     0,     0,     0],
 [    0,     0,     0,  1020,     0,     0,     0,     0,     0],
 [    0,     0,     3,     3,  1998,     0,     2,     0,     2],
 [    0,    39,     0,     0,     0,  7175,     0,     0,     0],
 [    0,     0,     1,     0,     3,     0,  1964,     0,     1],
 [ 1040,     0,     0,     0,     0,     0,     0, 44749,     0],
 [    0,     0,     0,     0,     2,     0,     0,     0,  1628]]

