==========================================================================================
Experiment Run: 2026-01-26 17:27:12
==========================================================================================
Accuracy: 0.73031656
Precision: 0.82699411
Recall: 0.73031656
F1 Score: 0.71264803
Training Time: 0.1386 seconds
Prediction Time: 0.0391 seconds
Latency per sample: 0.00000032 seconds

Classification Report: 
                precision    recall  f1-score   support

        Benign  0.99656288 0.41228749 0.58327047     47821
     HTTPFlood  0.99314948 0.80690738 0.89039370     14014
     ICMPFlood  1.00000000 1.00000000 1.00000000       122
      SYNFlood  0.99659864 0.86176471 0.92429022      1020
       SYNScan  0.94000945 0.99103586 0.96484848      2008
   SlowrateDoS  0.72455212 0.98669254 0.83554408      7214
TCPConnectScan  0.99489275 0.98933469 0.99210593      1969
      UDPFlood  0.61089252 0.96296054 0.74754804     45789
       UDPScan  0.48651079 0.99570552 0.65364478      1630

      accuracy                      0.73031656    121587
     macro avg  0.86035207 0.88963208 0.84351619    121587
  weighted avg  0.82699411 0.73031656 0.71264803    121587


Confusion Matrix:
[[19716,     0,     0,     0,     0,     0,    10, 28085,    10],
 [    0, 11308,     0,     0,     0,  2706,     0,     0,     0],
 [    0,     0,   122,     0,     0,     0,     0,     0,     0],
 [   12,     0,     0,   879,   127,     0,     0,     0,     2],
 [    7,     4,     0,     2,  1990,     0,     0,     0,     5],
 [   22,    74,     0,     0,     0,  7118,     0,     0,     0],
 [   21,     0,     0,     0,     0,     0,  1948,     0,     0],
 [    0,     0,     0,     0,     0,     0,     0, 44093,  1696],
 [    6,     0,     0,     1,     0,     0,     0,     0,  1623]]

