==========================================================================================
Experiment Run: 2026-01-26 17:26:55
==========================================================================================
Accuracy: 0.89686397
Precision: 0.92956906
Recall: 0.89686397
F1 Score: 0.90850855
Training Time: 37.6704 seconds
Prediction Time: 0.0055 seconds
Latency per sample: 0.00000005 seconds

Classification Report: 
                precision    recall  f1-score   support

        Benign  0.93969720 0.91501642 0.92719259     47821
     HTTPFlood  0.95481990 0.98173255 0.96808922     14014
     ICMPFlood  0.18885449 1.00000000 0.31770833       122
      SYNFlood  0.95396146 0.87352941 0.91197544      1020
       SYNScan  0.99155070 0.99352590 0.99253731      2008
   SlowrateDoS  0.93130707 0.94718603 0.93917944      7214
TCPConnectScan  0.87589286 0.99644490 0.93228795      1969
      UDPFlood  0.93653681 0.83214309 0.88125911     45789
       UDPScan  0.24056813 0.99754601 0.38765049      1630

      accuracy                      0.89686397    121587
     macro avg  0.77924318 0.94856937 0.80643110    121587
  weighted avg  0.92956906 0.89686397 0.90850855    121587


Confusion Matrix:
[[43757,   293,   519,    29,    14,   252,   148,  2577,   232],
 [    4, 13758,     0,     0,     0,   252,     0,     0,     0],
 [    0,     0,   122,     0,     0,     0,     0,     0,     0],
 [    0,     0,     0,   891,     0,     0,   129,     0,     0],
 [    0,     0,     4,     6,  1995,     0,     1,     0,     2],
 [    0,   358,     0,     1,     0,  6833,     0,     5,    17],
 [    0,     0,     1,     3,     3,     0,  1962,     0,     0],
 [ 2804,     0,     0,     0,     0,     0,     0, 38103,  4882],
 [    0,     0,     0,     4,     0,     0,     0,     0,  1626]]

