==========================================================================================
Experiment Run: 2026-01-26 17:32:25
==========================================================================================
Accuracy: 0.97893689
Precision: 0.97893636
Recall: 0.97893689
F1 Score: 0.97893660
Training Time: 4.8635 seconds
Prediction Time: 0.0063 seconds
Latency per sample: 0.00000005 seconds

Classification Report: 
                precision    recall  f1-score   support

        Benign  0.97404634 0.97394450 0.97399542     47821
     HTTPFlood  0.99757455 0.99785928 0.99771689     14014
     ICMPFlood  0.99186992 1.00000000 0.99591837       122
      SYNFlood  1.00000000 1.00000000 1.00000000      1020
       SYNScan  0.99800698 0.99750996 0.99775841      2008
   SlowrateDoS  0.99584027 0.99556418 0.99570220      7214
TCPConnectScan  0.99796851 0.99796851 0.99796851      1969
      UDPFlood  0.97287677 0.97291926 0.97289801     45789
       UDPScan  0.99693440 0.99754601 0.99724011      1630

      accuracy                      0.97893689    121587
     macro avg  0.99167975 0.99259019 0.99213310    121587
  weighted avg  0.97893636 0.97893689 0.97893660    121587


Confusion Matrix:
[[46575,     2,     1,     0,     0,     0,     1,  1242,     0],
 [    0, 13984,     0,     0,     0,    30,     0,     0,     0],
 [    0,     0,   122,     0,     0,     0,     0,     0,     0],
 [    0,     0,     0,  1020,     0,     0,     0,     0,     0],
 [    0,     0,     0,     0,  2003,     0,     2,     0,     3],
 [    0,    32,     0,     0,     0,  7182,     0,     0,     0],
 [    1,     0,     0,     0,     1,     0,  1965,     0,     2],
 [ 1240,     0,     0,     0,     0,     0,     0, 44549,     0],
 [    0,     0,     0,     0,     3,     0,     1,     0,  1626]]

