==========================================================================================
Experiment Run: 2026-01-26 17:35:25
==========================================================================================
Accuracy: 0.97975935
Precision: 0.97976589
Recall: 0.97975935
F1 Score: 0.97976005
Training Time: 50.3506 seconds
Prediction Time: 0.1997 seconds
Latency per sample: 0.00000164 seconds

Classification Report: 
                precision    recall  f1-score   support

        Benign  0.97636375 0.97350536 0.97493246     47821
     HTTPFlood  0.99708081 0.99928643 0.99818240     14014
     ICMPFlood  0.96062992 1.00000000 0.97991968       122
      SYNFlood  0.99706745 1.00000000 0.99853157      1020
       SYNScan  0.99800200 0.99501992 0.99650873      2008
   SlowrateDoS  0.99860782 0.99431661 0.99645760      7214
TCPConnectScan  0.99949109 0.99746064 0.99847483      1969
      UDPFlood  0.97241394 0.97538710 0.97389825     45789
       UDPScan  0.99816176 0.99938650 0.99877376      1630

      accuracy                      0.97975935    121587
     macro avg  0.98864651 0.99270695 0.99063103    121587
  weighted avg  0.97976589 0.97975935 0.97976005    121587


Confusion Matrix:
[[46554,     0,     0,     0,     0,     0,     0,  1267,     0],
 [    0, 14004,     0,     0,     0,    10,     0,     0,     0],
 [    0,     0,   122,     0,     0,     0,     0,     0,     0],
 [    0,     0,     0,  1020,     0,     0,     0,     0,     0],
 [    0,     0,     4,     3,  1998,     0,     1,     0,     2],
 [    0,    41,     0,     0,     0,  7173,     0,     0,     0],
 [    0,     0,     1,     0,     3,     0,  1964,     0,     1],
 [ 1127,     0,     0,     0,     0,     0,     0, 44662,     0],
 [    0,     0,     0,     0,     1,     0,     0,     0,  1629]]

