==========================================================================================
Experiment Run: 2026-01-26 17:27:12
==========================================================================================
Accuracy: 0.98373181
Precision: 0.98420235
Recall: 0.98373181
F1 Score: 0.98373275
Training Time: 6.2044 seconds
Prediction Time: 0.0859 seconds
Latency per sample: 0.00000071 seconds

Classification Report: 
                precision    recall  f1-score   support

        Benign  0.99714119 0.96277786 0.97965828     47821
     HTTPFlood  0.99715181 0.99928643 0.99821798     14014
     ICMPFlood  0.98387097 1.00000000 0.99186992       122
      SYNFlood  0.99706745 1.00000000 0.99853157      1020
       SYNScan  0.99850075 0.99501992 0.99675730      2008
   SlowrateDoS  0.99860802 0.99445523 0.99652730      7214
TCPConnectScan  0.99847483 0.99746064 0.99796748      1969
      UDPFlood  0.96247655 0.99711721 0.97949070     45789
       UDPScan  0.99694002 0.99938650 0.99816176      1630

      accuracy                      0.98373181    121587
     macro avg  0.99224795 0.99394487 0.99302025    121587
  weighted avg  0.98420235 0.98373181 0.98373275    121587


Confusion Matrix:
[[46041,     0,     0,     0,     0,     0,     0,  1780,     0],
 [    0, 14004,     0,     0,     0,    10,     0,     0,     0],
 [    0,     0,   122,     0,     0,     0,     0,     0,     0],
 [    0,     0,     0,  1020,     0,     0,     0,     0,     0],
 [    0,     0,     2,     3,  1998,     0,     3,     0,     2],
 [    0,    40,     0,     0,     0,  7174,     0,     0,     0],
 [    0,     0,     0,     0,     2,     0,  1964,     0,     3],
 [  132,     0,     0,     0,     0,     0,     0, 45657,     0],
 [    0,     0,     0,     0,     1,     0,     0,     0,  1629]]

