==========================================================================================
Experiment Run: 2026-01-26 17:34:33
==========================================================================================
Accuracy: 0.98239121
Precision: 0.98277151
Recall: 0.98239121
F1 Score: 0.98239194
Training Time: 127.8313 seconds
Prediction Time: 0.0280 seconds
Latency per sample: 0.00000023 seconds

Classification Report: 
                precision    recall  f1-score   support

        Benign  0.99406483 0.96315426 0.97836546     47821
     HTTPFlood  0.99757091 0.99636078 0.99696548     14014
     ICMPFlood  0.98387097 1.00000000 0.99186992       122
      SYNFlood  0.99512195 1.00000000 0.99755501      1020
       SYNScan  0.99700449 0.99452191 0.99576166      2008
   SlowrateDoS  0.99226199 0.99542556 0.99384126      7214
TCPConnectScan  0.99847483 0.99746064 0.99796748      1969
      UDPFlood  0.96289244 0.99399419 0.97819616     45789
       UDPScan  0.99632353 0.99754601 0.99693440      1630

      accuracy                      0.98239121    121587
     macro avg  0.99084288 0.99316260 0.99193965    121587
  weighted avg  0.98277151 0.98239121 0.98239194    121587


Confusion Matrix:
[[46059,     1,     0,     1,     1,     5,     0,  1754,     0],
 [    0, 13963,     0,     0,     0,    51,     0,     0,     0],
 [    0,     0,   122,     0,     0,     0,     0,     0,     0],
 [    0,     0,     0,  1020,     0,     0,     0,     0,     0],
 [    0,     0,     2,     4,  1997,     0,     3,     0,     2],
 [    0,    33,     0,     0,     0,  7181,     0,     0,     0],
 [    0,     0,     0,     0,     1,     0,  1964,     0,     4],
 [  275,     0,     0,     0,     0,     0,     0, 45514,     0],
 [    0,     0,     0,     0,     4,     0,     0,     0,  1626]]

