==========================================================================================
Experiment Run: 2026-01-26 17:27:05
==========================================================================================
Accuracy: 0.97896157
Precision: 0.97896170
Recall: 0.97896157
F1 Score: 0.97896139
Training Time: 9.7556 seconds
Prediction Time: 0.0999 seconds
Latency per sample: 0.00000082 seconds

Classification Report: 
                precision    recall  f1-score   support

        Benign  0.97396650 0.97400724 0.97398687     47821
     HTTPFlood  0.99715039 0.99878693 0.99796799     14014
     ICMPFlood  1.00000000 1.00000000 1.00000000       122
      SYNFlood  1.00000000 1.00000000 1.00000000      1020
       SYNScan  0.99651914 0.99800797 0.99726300      2008
   SlowrateDoS  0.99763593 0.99445523 0.99604304      7214
TCPConnectScan  0.99898271 0.99746064 0.99822109      1969
      UDPFlood  0.97285256 0.97281006 0.97283131     45789
       UDPScan  0.99754601 0.99754601 0.99754601      1630

      accuracy                      0.97896157    121587
     macro avg  0.99273925 0.99256379 0.99265103    121587
  weighted avg  0.97896170 0.97896157 0.97896139    121587


Confusion Matrix:
[[46578,     0,     0,     0,     0,     0,     0,  1243,     0],
 [    0, 13997,     0,     0,     0,    17,     0,     0,     0],
 [    0,     0,   122,     0,     0,     0,     0,     0,     0],
 [    0,     0,     0,  1020,     0,     0,     0,     0,     0],
 [    0,     0,     0,     0,  2004,     0,     2,     0,     2],
 [    0,    40,     0,     0,     0,  7174,     0,     0,     0],
 [    0,     0,     0,     0,     3,     0,  1964,     0,     2],
 [ 1245,     0,     0,     0,     0,     0,     0, 44544,     0],
 [    0,     0,     0,     0,     4,     0,     0,     0,  1626]]

