==========================================================================================
Experiment Run: 2026-01-26 17:32:20
==========================================================================================
Accuracy: 0.98166745
Precision: 0.98167004
Recall: 0.98166745
F1 Score: 0.98166653
Training Time: 0.0646 seconds
Prediction Time: 27.1347 seconds
Latency per sample: 0.00022317 seconds

Classification Report: 
                precision    recall  f1-score   support

        Benign  0.97941886 0.97622383 0.97781874     47821
     HTTPFlood  0.99515876 0.99743114 0.99629366     14014
     ICMPFlood  0.99186992 1.00000000 0.99591837       122
      SYNFlood  0.99609375 1.00000000 0.99804305      1020
       SYNScan  0.99700748 0.99551793 0.99626215      2008
   SlowrateDoS  0.99416261 0.99154422 0.99285169      7214
TCPConnectScan  0.99847561 0.99796851 0.99822200      1969
      UDPFlood  0.97557205 0.97859748 0.97708242     45789
       UDPScan  0.99877301 0.99877301 0.99877301      1630

      accuracy                      0.98166745    121587
     macro avg  0.99183690 0.99289512 0.99236279    121587
  weighted avg  0.98167004 0.98166745 0.98166653    121587


Confusion Matrix:
[[46684,     8,     0,     0,     1,     6,     0,  1122,     0],
 [    0, 13978,     0,     0,     0,    36,     0,     0,     0],
 [    0,     0,   122,     0,     0,     0,     0,     0,     0],
 [    0,     0,     0,  1020,     0,     0,     0,     0,     0],
 [    0,     0,     1,     4,  1999,     0,     3,     0,     1],
 [    1,    60,     0,     0,     0,  7153,     0,     0,     0],
 [    0,     0,     0,     0,     3,     0,  1965,     0,     1],
 [  980,     0,     0,     0,     0,     0,     0, 44809,     0],
 [    0,     0,     0,     0,     2,     0,     0,     0,  1628]]

