==========================================================================================
Experiment Run: 2026-02-02 09:37:04
==========================================================================================
Accuracy: 0.98458717
Precision: 0.98493125
Recall: 0.98458717
F1 Score: 0.98458832
Training Time: 7.4643 seconds
Prediction Time: 0.1230 seconds
Latency per sample: 0.00000101 seconds

Classification Report: 
                precision    recall  f1-score   support

        Benign  0.99599259 0.96668828 0.98112166     47821
     HTTPFlood  0.99629392 0.99750250 0.99689784     14014
     ICMPFlood  1.00000000 1.00000000 1.00000000       122
      SYNFlood  1.00000000 1.00000000 1.00000000      1020
       SYNScan  0.99800698 0.99750996 0.99775841      2008
   SlowrateDoS  0.99527581 0.99293041 0.99410173      7214
TCPConnectScan  0.99847638 0.99847638 0.99847638      1969
      UDPFlood  0.96626904 0.99598157 0.98090035     45789
       UDPScan  0.99815951 0.99815951 0.99815951      1630

      accuracy                      0.98458717    121587
     macro avg  0.99427491 0.99413873 0.99415732    121587
  weighted avg  0.98493125 0.98458717 0.98458832    121587


Confusion Matrix:
[[46228,     1,     0,     0,     0,     0,     0,  1592,     0],
 [    1, 13979,     0,     0,     0,    34,     0,     0,     0],
 [    0,     0,   122,     0,     0,     0,     0,     0,     0],
 [    0,     0,     0,  1020,     0,     0,     0,     0,     0],
 [    0,     0,     0,     0,  2003,     0,     3,     0,     2],
 [    0,    51,     0,     0,     0,  7163,     0,     0,     0],
 [    0,     0,     0,     0,     2,     0,  1966,     0,     1],
 [  184,     0,     0,     0,     0,     0,     0, 45605,     0],
 [    1,     0,     0,     0,     2,     0,     0,     0,  1627]]

