==========================================================================================
Experiment Run: 2026-02-02 10:11:20
==========================================================================================
Accuracy: 0.97958663
Precision: 0.97958809
Recall: 0.97958663
F1 Score: 0.97958658
Training Time: 907.2633 seconds
Prediction Time: 24.2995 seconds
Latency per sample: 0.00019985 seconds

Classification Report: 
                precision    recall  f1-score   support

        Benign  0.97567205 0.97450911 0.97509023     47821
     HTTPFlood  0.99572832 0.99800200 0.99686386     14014
     ICMPFlood  0.99186992 1.00000000 0.99591837       122
      SYNFlood  0.99706745 1.00000000 0.99853157      1020
       SYNScan  0.99850225 0.99601594 0.99725754      2008
   SlowrateDoS  0.99610136 0.99168284 0.99388719      7214
TCPConnectScan  0.99847638 0.99847638 0.99847638      1969
      UDPFlood  0.97341156 0.97464457 0.97402767     45789
       UDPScan  0.99815951 0.99815951 0.99815951      1630

      accuracy                      0.97958663    121587
     macro avg  0.99166542 0.99238782 0.99202359    121587
  weighted avg  0.97958809 0.97958663 0.97958658    121587


Confusion Matrix:
[[46602,     0,     0,     0,     0,     0,     0,  1219,     0],
 [    0, 13986,     0,     0,     0,    28,     0,     0,     0],
 [    0,     0,   122,     0,     0,     0,     0,     0,     0],
 [    0,     0,     0,  1020,     0,     0,     0,     0,     0],
 [    0,     0,     1,     3,  2000,     0,     3,     0,     1],
 [    0,    60,     0,     0,     0,  7154,     0,     0,     0],
 [    0,     0,     0,     0,     1,     0,  1966,     0,     2],
 [ 1161,     0,     0,     0,     0,     0,     0, 44628,     0],
 [    1,     0,     0,     0,     2,     0,     0,     0,  1627]]

