==========================================================================================
Experiment Run: 2026-02-02 09:35:25
==========================================================================================
Accuracy: 0.89216775
Precision: 0.85839485
Recall: 0.89216775
F1 Score: 0.87142827
Training Time: 29.7818 seconds
Prediction Time: 0.0047 seconds
Latency per sample: 0.00000004 seconds

Classification Report: 
                precision    recall  f1-score   support

        Benign  0.94614061 0.93122268 0.93862238     47821
     HTTPFlood  0.88144002 0.98886827 0.93206887     14014
     ICMPFlood  0.00000000 0.00000000 0.00000000       122
      SYNFlood  0.92616034 0.86078431 0.89227642      1020
       SYNScan  0.00000000 0.00000000 0.00000000      2008
   SlowrateDoS  0.96083682 0.79581370 0.87057396      7214
TCPConnectScan  0.24418605 0.01066531 0.02043796      1969
      UDPFlood  0.83895261 0.94883051 0.89051499     45789
       UDPScan  0.00000000 0.00000000 0.00000000      1630

      accuracy                      0.89216775    121587
     macro avg  0.53307961 0.50402053 0.50494384    121587
  weighted avg  0.85839485 0.89216775 0.87142827    121587


Confusion Matrix:
[[44532,   413,     0,    57,     0,   138,    64,  2614,     3],
 [   62, 13858,     0,     0,     0,    94,     0,     0,     0],
 [  122,     0,     0,     0,     0,     0,     0,     0,     0],
 [    0,     0,     0,   878,     0,     2,     0,   140,     0],
 [    6,     0,     0,     6,     0,     0,     1,  1995,     0],
 [    0,  1451,     0,     0,     0,  5741,     0,    22,     0],
 [    1,     0,     0,     3,     0,     0,    21,  1944,     0],
 [ 2343,     0,     0,     0,     0,     0,     0, 43446,     0],
 [    1,     0,     0,     4,     0,     0,     0,  1625,     0]]

