==========================================================================================
Experiment Run: 2026-02-02 09:52:58
==========================================================================================
Accuracy: 0.97892867
Precision: 0.97892991
Recall: 0.97892867
F1 Score: 0.97892924
Training Time: 26.2365 seconds
Prediction Time: 0.0065 seconds
Latency per sample: 0.00000005 seconds

Classification Report: 
                precision    recall  f1-score   support

        Benign  0.97469890 0.97476004 0.97472947     47821
     HTTPFlood  0.99500642 0.99529042 0.99514840     14014
     ICMPFlood  1.00000000 1.00000000 1.00000000       122
      SYNFlood  1.00000000 0.99803922 0.99901865      1020
       SYNScan  0.99850374 0.99701195 0.99775729      2008
   SlowrateDoS  0.99125607 0.99001941 0.99063735      7214
TCPConnectScan  0.99796851 0.99796851 0.99796851      1969
      UDPFlood  0.97364284 0.97374915 0.97369599     45789
       UDPScan  0.99693627 0.99815951 0.99754752      1630

      accuracy                      0.97892867    121587
     macro avg  0.99200142 0.99166647 0.99183369    121587
  weighted avg  0.97892991 0.97892867 0.97892924    121587


Confusion Matrix:
[[46614,     0,     0,     0,     0,     0,     0,  1207,     0],
 [    3, 13948,     0,     0,     0,    63,     0,     0,     0],
 [    0,     0,   122,     0,     0,     0,     0,     0,     0],
 [    2,     0,     0,  1018,     0,     0,     0,     0,     0],
 [    0,     0,     0,     0,  2002,     0,     3,     0,     3],
 [    2,    70,     0,     0,     0,  7142,     0,     0,     0],
 [    0,     0,     0,     0,     2,     0,  1965,     0,     2],
 [ 1202,     0,     0,     0,     0,     0,     0, 44587,     0],
 [    1,     0,     0,     0,     1,     0,     1,     0,  1627]]

