==========================================================================================
Experiment Run: 2026-02-02 09:36:12
==========================================================================================
Accuracy: 0.97894512
Precision: 0.97894498
Recall: 0.97894512
F1 Score: 0.97894484
Training Time: 47.0078 seconds
Prediction Time: 0.1016 seconds
Latency per sample: 0.00000084 seconds

Classification Report: 
                precision    recall  f1-score   support

        Benign  0.97423941 0.97432091 0.97428016     47821
     HTTPFlood  0.99615248 0.99764521 0.99689829     14014
     ICMPFlood  1.00000000 1.00000000 1.00000000       122
      SYNFlood  0.99804305 1.00000000 0.99902057      1020
       SYNScan  0.99800399 0.99601594 0.99700897      2008
   SlowrateDoS  0.99541284 0.99265317 0.99403109      7214
TCPConnectScan  0.99796851 0.99796851 0.99796851      1969
      UDPFlood  0.97320083 0.97311581 0.97315832     45789
       UDPScan  0.99754752 0.99815951 0.99785342      1630

      accuracy                      0.97894512    121587
     macro avg  0.99228540 0.99220878 0.99224659    121587
  weighted avg  0.97894498 0.97894512 0.97894484    121587


Confusion Matrix:
[[46593,     1,     0,     0,     0,     0,     0,  1227,     0],
 [    0, 13981,     0,     0,     0,    33,     0,     0,     0],
 [    0,     0,   122,     0,     0,     0,     0,     0,     0],
 [    0,     0,     0,  1020,     0,     0,     0,     0,     0],
 [    0,     0,     0,     2,  2000,     0,     4,     0,     2],
 [    0,    53,     0,     0,     0,  7161,     0,     0,     0],
 [    0,     0,     0,     0,     2,     0,  1965,     0,     2],
 [ 1231,     0,     0,     0,     0,     0,     0, 44558,     0],
 [    1,     0,     0,     0,     2,     0,     0,     0,  1627]]

