==========================================================================================
Experiment Run: 2026-02-02 09:52:31
==========================================================================================
Accuracy: 0.98161810
Precision: 0.98162078
Recall: 0.98161810
F1 Score: 0.98161727
Training Time: 0.0637 seconds
Prediction Time: 25.2535 seconds
Latency per sample: 0.00020770 seconds

Classification Report: 
                precision    recall  f1-score   support

        Benign  0.97939875 0.97624475 0.97781920     47821
     HTTPFlood  0.99494482 0.99714571 0.99604405     14014
     ICMPFlood  0.99186992 1.00000000 0.99591837       122
      SYNFlood  0.99609375 1.00000000 0.99804305      1020
       SYNScan  0.99700748 0.99551793 0.99626215      2008
   SlowrateDoS  0.99388464 0.99126698 0.99257409      7214
TCPConnectScan  0.99847561 0.99796851 0.99822200      1969
      UDPFlood  0.97557152 0.97857564 0.97707127     45789
       UDPScan  0.99877301 0.99877301 0.99877301      1630

      accuracy                      0.98161810    121587
     macro avg  0.99177994 0.99283250 0.99230302    121587
  weighted avg  0.98162078 0.98161810 0.98161727    121587


Confusion Matrix:
[[46685,     9,     0,     0,     1,     4,     0,  1122,     0],
 [    0, 13974,     0,     0,     0,    40,     0,     0,     0],
 [    0,     0,   122,     0,     0,     0,     0,     0,     0],
 [    0,     0,     0,  1020,     0,     0,     0,     0,     0],
 [    0,     0,     1,     4,  1999,     0,     3,     0,     1],
 [    1,    62,     0,     0,     0,  7151,     0,     0,     0],
 [    0,     0,     0,     0,     3,     0,  1965,     0,     1],
 [  981,     0,     0,     0,     0,     0,     0, 44808,     0],
 [    0,     0,     0,     0,     2,     0,     0,     0,  1628]]

