==========================================================================================
Experiment Run: 2026-02-02 09:37:05
==========================================================================================
Accuracy: 0.71108753
Precision: 0.80673940
Recall: 0.71108753
F1 Score: 0.70791979
Training Time: 0.0937 seconds
Prediction Time: 0.0238 seconds
Latency per sample: 0.00000020 seconds

Classification Report: 
                precision    recall  f1-score   support

        Benign  0.98586346 0.54687271 0.70350245     47821
     HTTPFlood  0.89914137 0.53054089 0.66732487     14014
     ICMPFlood  0.99186992 1.00000000 0.99591837       122
      SYNFlood  0.47359914 0.86176471 0.61126565      1020
       SYNScan  0.51404277 0.99352590 0.67753439      2008
   SlowrateDoS  0.50982387 0.90282783 0.65165841      7214
TCPConnectScan  0.99378882 0.08125952 0.15023474      1969
      UDPFlood  0.66866075 0.90807836 0.77019255     45789
       UDPScan  0.27929788 0.99570552 0.43623169      1630

      accuracy                      0.71108753    121587
     macro avg  0.70178755 0.75784172 0.62931812    121587
  weighted avg  0.80673940 0.71108753 0.70791979    121587


Confusion Matrix:
[[26152,   678,     0,    11,     0,   387,     1, 20582,    10],
 [  298,  7435,     0,   406,     0,  5875,     0,     0,     0],
 [    0,     0,   122,     0,     0,     0,     0,     0,     0],
 [   10,     2,     0,   879,   129,     0,     0,     0,     0],
 [    6,     2,     1,     4,  1995,     0,     0,     0,     0],
 [    9,   114,     0,   556,     0,  6513,     0,    22,     0],
 [   18,    34,     0,     0,  1757,     0,   160,     0,     0],
 [   31,     0,     0,     0,     0,     0,     0, 41580,  4178],
 [    3,     4,     0,     0,     0,     0,     0,     0,  1623]]

