==========================================================================================
Experiment Run: 2026-02-02 09:52:06
==========================================================================================
Accuracy: 0.95173004
Precision: 0.95184203
Recall: 0.95173004
F1 Score: 0.95162762
Training Time: 900.8623 seconds
Prediction Time: 0.0874 seconds
Latency per sample: 0.00000072 seconds

Classification Report: 
                precision    recall  f1-score   support

        Benign  0.95046790 0.94939462 0.94993095     47821
     HTTPFlood  0.95139033 0.97902098 0.96500791     14014
     ICMPFlood  0.96062992 1.00000000 0.97991968       122
      SYNFlood  0.98787211 0.87843137 0.92994292      1020
       SYNScan  0.99700449 0.99452191 0.99576166      2008
   SlowrateDoS  0.94443659 0.92597727 0.93511584      7214
TCPConnectScan  0.92633080 0.98984256 0.95703413      1969
      UDPFlood  0.95190796 0.95230295 0.95210542     45789
       UDPScan  0.97893972 0.82699387 0.89657466      1630

      accuracy                      0.95173004    121587
     macro avg  0.96099776 0.94405395 0.95126591    121587
  weighted avg  0.95184203 0.95173004 0.95162762    121587


Confusion Matrix:
[[45401,   197,     0,     5,     1,   250,    30,  1927,    10],
 [  153, 13720,     0,     0,     0,   141,     0,     0,     0],
 [    0,     0,   122,     0,     0,     0,     0,     0,     0],
 [    0,     0,     0,   896,     0,     0,   124,     0,     0],
 [    0,     0,     4,     4,  1997,     0,     1,     0,     2],
 [   13,   504,     0,     0,     0,  6680,     0,     0,    17],
 [   14,     0,     1,     1,     2,     2,  1949,     0,     0],
 [ 2184,     0,     0,     0,     0,     0,     0, 43605,     0],
 [    2,     0,     0,     1,     3,     0,     0,   276,  1348]]

