==========================================================================================
Experiment Run: 2026-02-02 09:55:49
==========================================================================================
Accuracy: 0.87830113
Precision: 0.89015087
Recall: 0.87830113
F1 Score: 0.88108356
Training Time: 0.4106 seconds
Prediction Time: 0.0038 seconds
Latency per sample: 0.00000003 seconds

Classification Report: 
                precision    recall  f1-score   support

        Benign  0.92447940 0.85037954 0.88588265     47821
     HTTPFlood  0.94970577 0.86370772 0.90466759     14014
     ICMPFlood  0.20538721 1.00000000 0.34078212       122
      SYNFlood  0.38528897 0.86274510 0.53268765      1020
       SYNScan  0.97222222 0.99352590 0.98275862      2008
   SlowrateDoS  0.70509019 0.79110064 0.74562320      7214
TCPConnectScan  0.95825147 0.99085830 0.97428215      1969
      UDPFlood  0.86908563 0.92744982 0.89731968     45789
       UDPScan  0.96559140 0.55092025 0.70156250      1630

      accuracy                      0.87830113    121587
     macro avg  0.77056692 0.87007636 0.77395180    121587
  weighted avg  0.89015087 0.87830113 0.88108356    121587


Confusion Matrix:
[[40666,   208,   467,   231,     0,   585,    84,  5549,    31],
 [    0, 12104,     0,   108,     0,  1802,     0,     0,     0],
 [    0,     0,   122,     0,     0,     0,     0,     0,     0],
 [    0,     0,     0,   880,    57,     0,     0,    83,     0],
 [    0,     0,     4,     6,  1995,     0,     1,     1,     1],
 [    0,   433,     0,  1052,     0,  5707,     0,    22,     0],
 [    0,     0,     1,     3,     0,     0,  1951,    14,     0],
 [ 3322,     0,     0,     0,     0,     0,     0, 42467,     0],
 [    0,     0,     0,     4,     0,     0,     0,   728,   898]]

