==========================================================================================
Experiment Run: 2026-02-03 10:52:47
==========================================================================================
Accuracy: 0.98379761
Precision: 0.98379735
Recall: 0.98379761
F1 Score: 0.98379734
Training Time: 22.8455 seconds
Prediction Time: 0.0785 seconds
Latency per sample: 0.00000065 seconds

Classification Report: 
                precision    recall  f1-score   support

        Benign  0.98091531 0.98021790 0.98056648     47821
     HTTPFlood  0.99650250 0.99621807 0.99636026     14014
     ICMPFlood  1.00000000 1.00000000 1.00000000       122
      SYNFlood  0.99804305 1.00000000 0.99902057      1020
       SYNScan  0.99750623 0.99601594 0.99676053      2008
   SlowrateDoS  0.99252492 0.99390075 0.99321236      7214
TCPConnectScan  0.99796851 0.99796851 0.99796851      1969
      UDPFlood  0.97950498 0.98008255 0.97979368     45789
       UDPScan  0.99693627 0.99815951 0.99754752      1630

      accuracy                      0.98379761    121587
     macro avg  0.99332242 0.99361814 0.99346999    121587
  weighted avg  0.98379735 0.98379761 0.98379734    121587


Confusion Matrix:
[[46875,     5,     0,     0,     0,     1,     0,   939,     1],
 [    0, 13961,     0,     0,     0,    53,     0,     0,     0],
 [    0,     0,   122,     0,     0,     0,     0,     0,     0],
 [    0,     0,     0,  1020,     0,     0,     0,     0,     0],
 [    0,     0,     0,     2,  2000,     0,     4,     0,     2],
 [    0,    44,     0,     0,     0,  7170,     0,     0,     0],
 [    0,     0,     0,     0,     2,     0,  1965,     0,     2],
 [  912,     0,     0,     0,     0,     0,     0, 44877,     0],
 [    0,     0,     0,     0,     3,     0,     0,     0,  1627]]

