==========================================================================================
Experiment Run: 2026-02-03 10:59:28
==========================================================================================
Accuracy: 0.97535098
Precision: 0.97615085
Recall: 0.97535098
F1 Score: 0.97534695
Training Time: 73.9695 seconds
Prediction Time: 0.0428 seconds
Latency per sample: 0.00000035 seconds

Classification Report: 
                precision    recall  f1-score   support

        Benign  0.99233078 0.94701073 0.96914122     47821
     HTTPFlood  0.99607619 0.99628942 0.99618280     14014
     ICMPFlood  0.98387097 1.00000000 0.99186992       122
      SYNFlood  0.99512195 1.00000000 0.99755501      1020
       SYNScan  0.99650699 0.99452191 0.99551346      2008
   SlowrateDoS  0.99266233 0.99390075 0.99328115      7214
TCPConnectScan  0.99797057 0.99898426 0.99847716      1969
      UDPFlood  0.94749573 0.99237808 0.96941769     45789
       UDPScan  0.99815725 0.99693252 0.99754451      1630

      accuracy                      0.97535098    121587
     macro avg  0.98891031 0.99111307 0.98988699    121587
  weighted avg  0.97615085 0.97535098 0.97534695    121587


Confusion Matrix:
[[45287,    11,     0,     1,     1,     1,     0,  2518,     2],
 [    0, 13962,     0,     0,     0,    52,     0,     0,     0],
 [    0,     0,   122,     0,     0,     0,     0,     0,     0],
 [    0,     0,     0,  1020,     0,     0,     0,     0,     0],
 [    0,     0,     2,     4,  1997,     0,     4,     0,     1],
 [    0,    44,     0,     0,     0,  7170,     0,     0,     0],
 [    0,     0,     0,     0,     2,     0,  1967,     0,     0],
 [  349,     0,     0,     0,     0,     0,     0, 45440,     0],
 [    1,     0,     0,     0,     4,     0,     0,     0,  1625]]

