==========================================================================================
Experiment Run: 2026-02-03 10:58:14
==========================================================================================
Accuracy: 0.98310675
Precision: 0.98310495
Recall: 0.98310675
F1 Score: 0.98310551
Training Time: 17.8011 seconds
Prediction Time: 0.0060 seconds
Latency per sample: 0.00000005 seconds

Classification Report: 
                precision    recall  f1-score   support

        Benign  0.98022475 0.97952782 0.97987616     47821
     HTTPFlood  0.99507565 0.99493364 0.99500464     14014
     ICMPFlood  0.98387097 1.00000000 0.99186992       122
      SYNFlood  0.99512195 1.00000000 0.99755501      1020
       SYNScan  0.99701195 0.99701195 0.99701195      2008
   SlowrateDoS  0.98977618 0.99306903 0.99141987      7214
TCPConnectScan  0.99796851 0.99796851 0.99796851      1969
      UDPFlood  0.97932179 0.97949289 0.97940733     45789
       UDPScan  0.99877074 0.99693252 0.99785078      1630

      accuracy                      0.98310675    121587
     macro avg  0.99079361 0.99321515 0.99199602    121587
  weighted avg  0.98310495 0.98310675 0.98310551    121587


Confusion Matrix:
[[46842,    19,     2,     2,     2,     7,     0,   947,     0],
 [    4, 13943,     0,     0,     0,    67,     0,     0,     0],
 [    0,     0,   122,     0,     0,     0,     0,     0,     0],
 [    0,     0,     0,  1020,     0,     0,     0,     0,     0],
 [    0,     0,     0,     3,  2002,     0,     3,     0,     0],
 [    1,    49,     0,     0,     0,  7164,     0,     0,     0],
 [    0,     0,     0,     0,     2,     0,  1965,     0,     2],
 [  939,     0,     0,     0,     0,     0,     0, 44850,     0],
 [    1,     1,     0,     0,     2,     0,     1,     0,  1625]]

