==========================================================================================
Experiment Run: 2026-02-03 11:04:58
==========================================================================================
Accuracy: 0.98412659
Precision: 0.98412838
Recall: 0.98412659
F1 Score: 0.98412635
Training Time: 307.9482 seconds
Prediction Time: 21.4170 seconds
Latency per sample: 0.00017615 seconds

Classification Report: 
                precision    recall  f1-score   support

        Benign  0.98197292 0.97961147 0.98079077     47821
     HTTPFlood  0.99643570 0.99743114 0.99693317     14014
     ICMPFlood  1.00000000 1.00000000 1.00000000       122
      SYNFlood  0.99706745 1.00000000 0.99853157      1020
       SYNScan  0.99700897 0.99601594 0.99651221      2008
   SlowrateDoS  0.99486610 0.99390075 0.99438319      7214
TCPConnectScan  0.99796851 0.99796851 0.99796851      1969
      UDPFlood  0.97893108 0.98124004 0.98008420     45789
       UDPScan  0.99815838 0.99754601 0.99785210      1630

      accuracy                      0.98412659    121587
     macro avg  0.99360101 0.99374598 0.99367286    121587
  weighted avg  0.98412838 0.98412659 0.98412635    121587


Confusion Matrix:
[[46846,     6,     0,     0,     1,     1,     0,   967,     0],
 [    0, 13978,     0,     0,     0,    36,     0,     0,     0],
 [    0,     0,   122,     0,     0,     0,     0,     0,     0],
 [    0,     0,     0,  1020,     0,     0,     0,     0,     0],
 [    0,     0,     0,     3,  2000,     0,     4,     0,     1],
 [    0,    44,     0,     0,     0,  7170,     0,     0,     0],
 [    0,     0,     0,     0,     2,     0,  1965,     0,     2],
 [  859,     0,     0,     0,     0,     0,     0, 44930,     0],
 [    1,     0,     0,     0,     3,     0,     0,     0,  1626]]

