==========================================================================================
Experiment Run: 2026-02-03 10:52:24
==========================================================================================
Accuracy: 0.89162493
Precision: 0.92498602
Recall: 0.89162493
F1 Score: 0.90376187
Training Time: 53.1966 seconds
Prediction Time: 0.0039 seconds
Latency per sample: 0.00000003 seconds

Classification Report: 
                precision    recall  f1-score   support

        Benign  0.95615598 0.88653520 0.92003038     47821
     HTTPFlood  0.95161514 0.97959184 0.96540084     14014
     ICMPFlood  0.20538721 1.00000000 0.34078212       122
      SYNFlood  0.89189189 0.87352941 0.88261516      1020
       SYNScan  0.99739312 0.95268924 0.97452878      2008
   SlowrateDoS  0.92075472 0.94704741 0.93371600      7214
TCPConnectScan  0.81283644 0.99695277 0.89552920      1969
      UDPFlood  0.91374132 0.85042259 0.88094565     45789
       UDPScan  0.23702624 0.99754601 0.38303887      1630

      accuracy                      0.89162493    121587
     macro avg  0.76520023 0.94270161 0.79739856    121587
  weighted avg  0.92498602 0.89162493 0.90376187    121587


Confusion Matrix:
[[42395,   346,   467,    87,     3,   302,   240,  3676,   305],
 [    0, 13728,     0,     0,     0,   286,     0,     0,     0],
 [    0,     0,   122,     0,     0,     0,     0,     0,     0],
 [    0,     0,     0,   891,     0,     0,   129,     0,     0],
 [    0,     0,     4,     6,  1913,     0,    83,     0,     2],
 [    0,   352,     0,     8,     0,  6832,     0,     0,    22],
 [    0,     0,     1,     3,     2,     0,  1963,     0,     0],
 [ 1944,     0,     0,     0,     0,     0,     0, 38940,  4905],
 [    0,     0,     0,     4,     0,     0,     0,     0,  1626]]

