==========================================================================================
Experiment Run: 2026-02-03 10:52:52
==========================================================================================
Accuracy: 0.71515047
Precision: 0.80929835
Recall: 0.71515047
F1 Score: 0.71304070
Training Time: 0.0750 seconds
Prediction Time: 0.0264 seconds
Latency per sample: 0.00000022 seconds

Classification Report: 
                precision    recall  f1-score   support

        Benign  0.98768537 0.55849940 0.71352622     47821
     HTTPFlood  0.89542012 0.53153989 0.66708458     14014
     ICMPFlood  0.99186992 1.00000000 0.99591837       122
      SYNFlood  0.50199886 0.86176471 0.63442800      1020
       SYNScan  0.51404277 0.99352590 0.67753439      2008
   SlowrateDoS  0.50335570 0.90449127 0.64677603      7214
TCPConnectScan  0.99378882 0.08125952 0.15023474      1969
      UDPFlood  0.67522661 0.90615650 0.77383017     45789
       UDPScan  0.27513138 0.99570552 0.43113295      1630

      accuracy                      0.71515047    121587
     macro avg  0.70427995 0.75921586 0.63227394    121587
  weighted avg  0.80929835 0.71515047 0.71304070    121587


Confusion Matrix:
[[26708,   709,     0,    11,     0,   447,     1, 19935,    10],
 [  260,  7449,     0,   314,     0,  5991,     0,     0,     0],
 [    0,     0,   122,     0,     0,     0,     0,     0,     0],
 [    9,     3,     0,   879,   129,     0,     0,     0,     0],
 [    6,     2,     1,     4,  1995,     0,     0,     0,     0],
 [    6,   118,     0,   543,     0,  6525,     0,    22,     0],
 [   18,    34,     0,     0,  1757,     0,   160,     0,     0],
 [   31,     0,     0,     0,     0,     0,     0, 41492,  4266],
 [    3,     4,     0,     0,     0,     0,     0,     0,  1623]]

