==========================================================================================
Experiment Run: 2026-02-03 10:57:34
==========================================================================================
Accuracy: 0.94770823
Precision: 0.94819221
Recall: 0.94770823
F1 Score: 0.94773521
Training Time: 281.4923 seconds
Prediction Time: 0.1185 seconds
Latency per sample: 0.00000097 seconds

Classification Report: 
                precision    recall  f1-score   support

        Benign  0.93569648 0.94998013 0.94278421     47821
     HTTPFlood  0.94975825 0.96717568 0.95838784     14014
     ICMPFlood  0.96825397 1.00000000 0.98387097       122
      SYNFlood  0.99317739 0.99901961 0.99608993      1020
       SYNScan  0.99600599 0.99352590 0.99476440      2008
   SlowrateDoS  0.90270270 0.94912670 0.92533279      7214
TCPConnectScan  0.92695570 0.99898426 0.96162308      1969
      UDPFlood  0.96608558 0.93192688 0.94869885     45789
       UDPScan  0.93710329 0.99631902 0.96580434      1630

      accuracy                      0.94770823    121587
     macro avg  0.95285993 0.97622869 0.96415071    121587
  weighted avg  0.94819221 0.94770823 0.94773521    121587


Confusion Matrix:
[[45429,   372,     0,     3,     4,   276,   150,  1498,    89],
 [    0, 13554,     0,     0,     0,   459,     0,     0,     1],
 [    0,     0,   122,     0,     0,     0,     0,     0,     0],
 [    0,     0,     0,  1019,     0,     1,     0,     0,     0],
 [    0,     0,     3,     4,  1995,     1,     3,     0,     2],
 [    5,   345,     0,     0,     0,  6847,     0,     0,    17],
 [    0,     0,     1,     0,     1,     0,  1967,     0,     0],
 [ 3117,     0,     0,     0,     0,     0,     0, 42672,     0],
 [    0,     0,     0,     0,     3,     1,     2,     0,  1624]]

