==========================================================================================
Experiment Run: 2026-02-03 10:52:52
==========================================================================================
Accuracy: 0.98403612
Precision: 0.98442419
Recall: 0.98403612
F1 Score: 0.98403684
Training Time: 4.6697 seconds
Prediction Time: 0.0933 seconds
Latency per sample: 0.00000077 seconds

Classification Report: 
                precision    recall  f1-score   support

        Benign  0.99626519 0.96501537 0.98039132     47821
     HTTPFlood  0.99693252 0.99721707 0.99707477     14014
     ICMPFlood  1.00000000 1.00000000 1.00000000       122
      SYNFlood  1.00000000 1.00000000 1.00000000      1020
       SYNScan  0.99651221 0.99601594 0.99626401      2008
   SlowrateDoS  0.99445599 0.99459385 0.99452492      7214
TCPConnectScan  0.99746193 0.99796851 0.99771516      1969
      UDPFlood  0.96472454 0.99624364 0.98023078     45789
       UDPScan  0.99693063 0.99631902 0.99662473      1630

      accuracy                      0.98403612    121587
     macro avg  0.99369811 0.99370815 0.99364730    121587
  weighted avg  0.98442419 0.98403612 0.98403684    121587


Confusion Matrix:
[[46148,     4,     0,     0,     1,     1,     0,  1667,     0],
 [    0, 13975,     0,     0,     0,    39,     0,     0,     0],
 [    0,     0,   122,     0,     0,     0,     0,     0,     0],
 [    0,     0,     0,  1020,     0,     0,     0,     0,     0],
 [    0,     0,     0,     0,  2000,     0,     5,     0,     3],
 [    0,    39,     0,     0,     0,  7175,     0,     0,     0],
 [    0,     0,     0,     0,     2,     0,  1965,     0,     2],
 [  172,     0,     0,     0,     0,     0,     0, 45617,     0],
 [    1,     0,     0,     0,     4,     0,     0,     1,  1624]]

