==========================================================================================
Experiment Run: 2026-02-03 12:53:48
==========================================================================================
Accuracy: 0.98248990
Precision: 0.98287840
Recall: 0.98248990
F1 Score: 0.98249090
Training Time: 158.2352 seconds
Prediction Time: 0.0435 seconds
Latency per sample: 0.00000036 seconds

Classification Report: 
                precision    recall  f1-score   support

        Benign  0.99408616 0.96313335 0.97836500     47821
     HTTPFlood  0.99608485 0.99850150 0.99729171     14014
     ICMPFlood  0.98387097 1.00000000 0.99186992       122
      SYNFlood  0.99609375 1.00000000 0.99804305      1020
       SYNScan  0.99700599 0.99501992 0.99601196      2008
   SlowrateDoS  0.99693593 0.99223732 0.99458108      7214
TCPConnectScan  0.99744768 0.99238192 0.99490835      1969
      UDPFlood  0.96276405 0.99438730 0.97832019     45789
       UDPScan  1.00000000 0.99570552 0.99784814      1630

      accuracy                      0.98248990    121587
     macro avg  0.99158771 0.99237409 0.99191549    121587
  weighted avg  0.98287840 0.98248990 0.98249090    121587


Confusion Matrix:
[[46058,     0,     0,     0,     0,     1,     1,  1761,     0],
 [    0, 13993,     0,     0,     0,    21,     0,     0,     0],
 [    0,     0,   122,     0,     0,     0,     0,     0,     0],
 [    0,     0,     0,  1020,     0,     0,     0,     0,     0],
 [    0,     0,     2,     4,  1998,     0,     4,     0,     0],
 [    1,    55,     0,     0,     0,  7158,     0,     0,     0],
 [   14,     0,     0,     0,     1,     0,  1954,     0,     0],
 [  257,     0,     0,     0,     0,     0,     0, 45532,     0],
 [    2,     0,     0,     0,     5,     0,     0,     0,  1623]]

