==========================================================================================
Experiment Run: 2026-02-03 12:37:58
==========================================================================================
Accuracy: 0.98397855
Precision: 0.98437921
Recall: 0.98397855
F1 Score: 0.98397999
Training Time: 5.2726 seconds
Prediction Time: 0.0858 seconds
Latency per sample: 0.00000071 seconds

Classification Report: 
                precision    recall  f1-score   support

        Benign  0.99641484 0.96476443 0.98033424     47821
     HTTPFlood  0.99728707 0.99678893 0.99703794     14014
     ICMPFlood  1.00000000 1.00000000 1.00000000       122
      SYNFlood  1.00000000 1.00000000 1.00000000      1020
       SYNScan  0.99701195 0.99701195 0.99701195      2008
   SlowrateDoS  0.99376818 0.99473246 0.99425009      7214
TCPConnectScan  0.99847561 0.99796851 0.99822200      1969
      UDPFlood  0.96438310 0.99639651 0.98012847     45789
       UDPScan  0.99693252 0.99693252 0.99693252      1630

      accuracy                      0.98397855    121587
     macro avg  0.99380814 0.99384392 0.99376858    121587
  weighted avg  0.98437921 0.98397855 0.98397999    121587


Confusion Matrix:
[[46136,     0,     0,     0,     1,     0,     0,  1684,     0],
 [    0, 13969,     0,     0,     0,    45,     0,     0,     0],
 [    0,     0,   122,     0,     0,     0,     0,     0,     0],
 [    0,     0,     0,  1020,     0,     0,     0,     0,     0],
 [    0,     0,     0,     0,  2002,     0,     3,     0,     3],
 [    0,    38,     0,     0,     0,  7176,     0,     0,     0],
 [    0,     0,     0,     0,     2,     0,  1965,     0,     2],
 [  165,     0,     0,     0,     0,     0,     0, 45624,     0],
 [    1,     0,     0,     0,     3,     0,     0,     1,  1625]]

