==========================================================================================
Experiment Run: 2026-02-03 13:07:06
==========================================================================================
Accuracy: 0.97952906
Precision: 0.97952993
Recall: 0.97952906
F1 Score: 0.97952894
Training Time: 770.4848 seconds
Prediction Time: 26.6159 seconds
Latency per sample: 0.00021890 seconds

Classification Report: 
                precision    recall  f1-score   support

        Benign  0.97530709 0.97461366 0.97496025     47821
     HTTPFlood  0.99601282 0.99821607 0.99711323     14014
     ICMPFlood  1.00000000 1.00000000 1.00000000       122
      SYNFlood  0.99706745 1.00000000 0.99853157      1020
       SYNScan  0.99800399 0.99601594 0.99700897      2008
   SlowrateDoS  0.99651956 0.99223732 0.99437383      7214
TCPConnectScan  0.99847561 0.99796851 0.99822200      1969
      UDPFlood  0.97350733 0.97425146 0.97387925     45789
       UDPScan  0.99754752 0.99815951 0.99785342      1630

      accuracy                      0.97952906    121587
     macro avg  0.99249349 0.99238472 0.99243806    121587
  weighted avg  0.97952993 0.97952906 0.97952894    121587


Confusion Matrix:
[[46607,     0,     0,     0,     0,     0,     0,  1214,     0],
 [    0, 13989,     0,     0,     0,    25,     0,     0,     0],
 [    0,     0,   122,     0,     0,     0,     0,     0,     0],
 [    0,     0,     0,  1020,     0,     0,     0,     0,     0],
 [    0,     0,     0,     3,  2000,     0,     3,     0,     2],
 [    0,    56,     0,     0,     0,  7158,     0,     0,     0],
 [    0,     0,     0,     0,     2,     0,  1965,     0,     2],
 [ 1179,     0,     0,     0,     0,     0,     0, 44610,     0],
 [    1,     0,     0,     0,     2,     0,     0,     0,  1627]]

