==========================================================================================
Experiment Run: 2026-02-03 12:37:07
==========================================================================================
Accuracy: 0.85418671
Precision: 0.90403226
Recall: 0.85418671
F1 Score: 0.87263799
Training Time: 27.5940 seconds
Prediction Time: 0.0038 seconds
Latency per sample: 0.00000003 seconds

Classification Report: 
                precision    recall  f1-score   support

        Benign  0.93785917 0.82246293 0.87637871     47821
     HTTPFlood  0.91523513 0.98465820 0.94867829     14014
     ICMPFlood  0.06224490 1.00000000 0.11719500       122
      SYNFlood  0.58967571 0.87352941 0.70406954      1020
       SYNScan  1.00000000 0.95219124 0.97551020      2008
   SlowrateDoS  0.93493258 0.82658719 0.87742790      7214
TCPConnectScan  0.78537170 0.99796851 0.87899799      1969
      UDPFlood  0.89509033 0.83533163 0.86417912     45789
       UDPScan  0.21456849 0.99754601 0.35317116      1630

      accuracy                      0.85418671    121587
     macro avg  0.70388645 0.92114168 0.73284532    121587
  weighted avg  0.90403226 0.85418671 0.87263799    121587


Confusion Matrix:
[[39331,   499,  1833,    95,     0,   262,   324,  4483,   994],
 [    0, 13799,     0,    62,     0,   153,     0,     0,     0],
 [    0,     0,   122,     0,     0,     0,     0,     0,     0],
 [    0,     0,     0,   891,     0,     0,   129,     0,     0],
 [    0,     0,     4,     6,  1912,     0,    84,     0,     2],
 [    0,   779,     0,   450,     0,  5963,     0,     0,    22],
 [    0,     0,     1,     3,     0,     0,  1965,     0,     0],
 [ 2606,     0,     0,     0,     0,     0,     0, 38249,  4934],
 [    0,     0,     0,     4,     0,     0,     0,     0,  1626]]

