==========================================================================================
Experiment Run: 2026-02-03 12:37:53
==========================================================================================
Accuracy: 0.97891222
Precision: 0.97891220
Recall: 0.97891222
F1 Score: 0.97891183
Training Time: 45.4206 seconds
Prediction Time: 0.0877 seconds
Latency per sample: 0.00000072 seconds

Classification Report: 
                precision    recall  f1-score   support

        Benign  0.97417885 0.97434182 0.97426032     47821
     HTTPFlood  0.99579862 0.99785928 0.99682789     14014
     ICMPFlood  1.00000000 1.00000000 1.00000000       122
      SYNFlood  0.99706745 1.00000000 0.99853157      1020
       SYNScan  0.99800399 0.99601594 0.99700897      2008
   SlowrateDoS  0.99582522 0.99196008 0.99388889      7214
TCPConnectScan  0.99796851 0.99796851 0.99796851      1969
      UDPFlood  0.97322033 0.97305030 0.97313531     45789
       UDPScan  0.99815951 0.99815951 0.99815951      1630

      accuracy                      0.97891222    121587
     macro avg  0.99224694 0.99215060 0.99219789    121587
  weighted avg  0.97891220 0.97891222 0.97891183    121587


Confusion Matrix:
[[46594,     1,     0,     0,     0,     0,     0,  1226,     0],
 [    0, 13984,     0,     0,     0,    30,     0,     0,     0],
 [    0,     0,   122,     0,     0,     0,     0,     0,     0],
 [    0,     0,     0,  1020,     0,     0,     0,     0,     0],
 [    0,     0,     0,     3,  2000,     0,     4,     0,     1],
 [    0,    58,     0,     0,     0,  7156,     0,     0,     0],
 [    0,     0,     0,     0,     2,     0,  1965,     0,     2],
 [ 1234,     0,     0,     0,     0,     0,     0, 44555,     0],
 [    1,     0,     0,     0,     2,     0,     0,     0,  1627]]

