==========================================================================================
Experiment Run: 2026-02-03 12:50:20
==========================================================================================
Accuracy: 0.95094870
Precision: 0.95097308
Recall: 0.95094870
F1 Score: 0.95071504
Training Time: 740.4443 seconds
Prediction Time: 0.0830 seconds
Latency per sample: 0.00000068 seconds

Classification Report: 
                precision    recall  f1-score   support

        Benign  0.95030704 0.94816085 0.94923273     47821
     HTTPFlood  0.95438351 0.97488226 0.96452399     14014
     ICMPFlood  0.96825397 1.00000000 0.98387097       122
      SYNFlood  0.99125364 1.00000000 0.99560761      1020
       SYNScan  0.99899850 0.99352590 0.99625468      2008
   SlowrateDoS  0.93438065 0.93166066 0.93301867      7214
TCPConnectScan  0.97664016 0.99796851 0.98718915      1969
      UDPFlood  0.94864935 0.95256503 0.95060316     45789
       UDPScan  0.96323529 0.72331288 0.82620883      1630

      accuracy                      0.95094870    121587
     macro avg  0.96512246 0.94689734 0.95405664    121587
  weighted avg  0.95097308 0.95094870 0.95071504    121587


Confusion Matrix:
[[45342,   201,     0,     3,     1,   295,    37,  1916,    26],
 [  175, 13662,     0,     0,     0,   177,     0,     0,     0],
 [    0,     0,   122,     0,     0,     0,     0,     0,     0],
 [    0,     0,     0,  1020,     0,     0,     0,     0,     0],
 [    0,     0,     3,     4,  1995,     0,     4,     0,     2],
 [   24,   452,     0,     0,     0,  6721,     0,     0,    17],
 [    0,     0,     1,     2,     1,     0,  1965,     0,     0],
 [ 2172,     0,     0,     0,     0,     0,     0, 43617,     0],
 [    0,     0,     0,     0,     0,     0,     6,   445,  1179]]

