==========================================================================================
Experiment Run: 2026-02-03 12:51:10
==========================================================================================
Accuracy: 0.97873128
Precision: 0.97873078
Recall: 0.97873128
F1 Score: 0.97873096
Training Time: 26.7055 seconds
Prediction Time: 0.0069 seconds
Latency per sample: 0.00000006 seconds

Classification Report: 
                precision    recall  f1-score   support

        Benign  0.97458744 0.97438364 0.97448553     47821
     HTTPFlood  0.99479427 0.99543314 0.99511360     14014
     ICMPFlood  1.00000000 1.00000000 1.00000000       122
      SYNFlood  0.99609375 1.00000000 0.99804305      1020
       SYNScan  0.99701046 0.99651394 0.99676214      2008
   SlowrateDoS  0.99112221 0.99043526 0.99077862      7214
TCPConnectScan  0.99847483 0.99746064 0.99796748      1969
      UDPFlood  0.97342563 0.97357444 0.97350003     45789
       UDPScan  0.99754300 0.99631902 0.99693063      1630

      accuracy                      0.97873128    121587
     macro avg  0.99145018 0.99156890 0.99150901    121587
  weighted avg  0.97873078 0.97873128 0.97873096    121587


Confusion Matrix:
[[46596,     3,     0,     1,     0,     4,     0,  1217,     0],
 [    4, 13950,     0,     0,     0,    60,     0,     0,     0],
 [    0,     0,   122,     0,     0,     0,     0,     0,     0],
 [    0,     0,     0,  1020,     0,     0,     0,     0,     0],
 [    0,     0,     0,     3,  2001,     0,     2,     0,     2],
 [    1,    68,     0,     0,     0,  7145,     0,     0,     0],
 [    0,     0,     0,     0,     3,     0,  1964,     0,     2],
 [ 1210,     0,     0,     0,     0,     0,     0, 44579,     0],
 [    0,     2,     0,     0,     3,     0,     1,     0,  1624]]

