==========================================================================================
Experiment Run: 2026-02-02 10:59:44
==========================================================================================
Accuracy: 0.97873950
Precision: 0.97873969
Recall: 0.97873950
F1 Score: 0.97873936
Training Time: 85.0979 seconds
Prediction Time: 0.0060 seconds
Latency per sample: 0.00000005 seconds

Classification Report: 
                precision    recall  f1-score   support

        Benign  0.97475001 0.97436273 0.97455633     47821
     HTTPFlood  0.99528504 0.99414871 0.99471655     14014
     ICMPFlood  1.00000000 1.00000000 1.00000000       122
      SYNFlood  0.99706745 1.00000000 0.99853157      1020
       SYNScan  0.99700897 0.99601594 0.99651221      2008
   SlowrateDoS  0.98880752 0.99196008 0.99038129      7214
TCPConnectScan  0.99847483 0.99746064 0.99796748      1969
      UDPFlood  0.97349403 0.97374915 0.97362157     45789
       UDPScan  0.99693440 0.99754601 0.99724011      1630

      accuracy                      0.97873950    121587
     macro avg  0.99131358 0.99169370 0.99150301    121587
  weighted avg  0.97873969 0.97873950 0.97873936    121587


Confusion Matrix:
[[46595,     8,     0,     1,     1,     2,     0,  1214,     0],
 [    5, 13932,     0,     0,     0,    77,     0,     0,     0],
 [    0,     0,   122,     0,     0,     0,     0,     0,     0],
 [    0,     0,     0,  1020,     0,     0,     0,     0,     0],
 [    0,     0,     0,     2,  2000,     0,     3,     0,     3],
 [    0,    58,     0,     0,     0,  7156,     0,     0,     0],
 [    0,     0,     0,     0,     3,     0,  1964,     0,     2],
 [ 1202,     0,     0,     0,     0,     0,     0, 44587,     0],
 [    0,     0,     0,     0,     2,     2,     0,     0,  1626]]

