==========================================================================================
Experiment Run: 2026-02-02 11:02:35
==========================================================================================
Accuracy: 0.81792461
Precision: 0.87374839
Recall: 0.81792461
F1 Score: 0.83829002
Training Time: 1.4167 seconds
Prediction Time: 0.0037 seconds
Latency per sample: 0.00000003 seconds

Classification Report: 
                precision    recall  f1-score   support

        Benign  0.91429865 0.76029359 0.83021453     47821
     HTTPFlood  0.95923279 0.93856144 0.94878453     14014
     ICMPFlood  0.04222915 1.00000000 0.08103620       122
      SYNFlood  0.31860970 0.86274510 0.46536224      1020
       SYNScan  0.99899194 0.98705179 0.99298597      2008
   SlowrateDoS  0.86345733 0.82048794 0.84142441      7214
TCPConnectScan  0.85008666 0.99644490 0.91746551      1969
      UDPFlood  0.83943782 0.81786018 0.82850853     45789
       UDPScan  0.24242424 0.99631902 0.38996278      1630

      accuracy                      0.81792461    121587
     macro avg  0.66986314 0.90886266 0.69952719    121587
  weighted avg  0.87374839 0.81792461 0.83829002    121587


Confusion Matrix:
[[36358,   310,  2758,   532,     0,   388,   197,  7154,   124],
 [    0, 13153,     0,   313,     0,   548,     0,     0,     0],
 [    0,     0,   122,     0,     0,     0,     0,     0,     0],
 [    0,     0,     0,   880,     2,     0,   129,     9,     0],
 [    0,     0,     5,     6,  1982,     0,    13,     0,     2],
 [    0,   249,     0,  1024,     0,  5919,     5,     0,    17],
 [    0,     0,     4,     3,     0,     0,  1962,     0,     0],
 [ 3408,     0,     0,     0,     0,     0,     0, 37449,  4932],
 [    0,     0,     0,     4,     0,     0,     2,     0,  1624]]

