==========================================================================================
Experiment Run: 2026-02-02 10:30:11
==========================================================================================
Accuracy: 0.86019065
Precision: 0.90834806
Recall: 0.86019065
F1 Score: 0.87817650
Training Time: 57.0210 seconds
Prediction Time: 0.0041 seconds
Latency per sample: 0.00000003 seconds

Classification Report: 
                precision    recall  f1-score   support

        Benign  0.93751026 0.83576253 0.88371733     47821
     HTTPFlood  0.92732890 0.98522906 0.95540255     14014
     ICMPFlood  0.06496273 1.00000000 0.12200000       122
      SYNFlood  0.61618257 0.87352941 0.72262774      1020
       SYNScan  0.99891304 0.91533865 0.95530146      2008
   SlowrateDoS  0.93827911 0.85555864 0.89501160      7214
TCPConnectScan  0.76697892 0.99796851 0.86735820      1969
      UDPFlood  0.90279583 0.83426150 0.86717668     45789
       UDPScan  0.21825503 0.99754601 0.35814978      1630

      accuracy                      0.86019065    121587
     macro avg  0.70791182 0.92168826 0.73630504    121587
  weighted avg  0.90834806 0.86019065 0.87817650    121587


Confusion Matrix:
[[39967,   456,  1751,   100,     2,   247,   310,  4113,   875],
 [    0, 13807,     0,    48,     0,   159,     0,     0,     0],
 [    0,     0,   122,     0,     0,     0,     0,     0,     0],
 [    0,     0,     0,   891,     0,     0,   129,     0,     0],
 [    0,     0,     4,     6,  1838,     0,   158,     0,     2],
 [    0,   626,     0,   394,     0,  6172,     0,     0,    22],
 [    0,     0,     1,     3,     0,     0,  1965,     0,     0],
 [ 2664,     0,     0,     0,     0,     0,     0, 38200,  4925],
 [    0,     0,     0,     4,     0,     0,     0,     0,  1626]]

