==========================================================================================
Experiment Run: 2026-02-02 10:32:56
==========================================================================================
Accuracy: 0.98387986
Precision: 0.98428136
Recall: 0.98387986
F1 Score: 0.98388123
Training Time: 20.3734 seconds
Prediction Time: 0.0991 seconds
Latency per sample: 0.00000081 seconds

Classification Report: 
                precision    recall  f1-score   support

        Benign  0.99637149 0.96468079 0.98027008     47821
     HTTPFlood  0.99686006 0.99678893 0.99682449     14014
     ICMPFlood  1.00000000 1.00000000 1.00000000       122
      SYNFlood  1.00000000 1.00000000 1.00000000      1020
       SYNScan  0.99800698 0.99750996 0.99775841      2008
   SlowrateDoS  0.99376299 0.99390075 0.99383187      7214
TCPConnectScan  0.99796851 0.99796851 0.99796851      1969
      UDPFlood  0.96430006 0.99635284 0.98006445     45789
       UDPScan  0.99631902 0.99631902 0.99631902      1630

      accuracy                      0.98387986    121587
     macro avg  0.99373212 0.99372453 0.99367076    121587
  weighted avg  0.98428136 0.98387986 0.98388123    121587


Confusion Matrix:
[[46132,     0,     0,     0,     0,     0,     0,  1688,     1],
 [    0, 13969,     0,     0,     0,    45,     0,     0,     0],
 [    0,     0,   122,     0,     0,     0,     0,     0,     0],
 [    0,     0,     0,  1020,     0,     0,     0,     0,     0],
 [    0,     0,     0,     0,  2003,     0,     3,     0,     2],
 [    0,    44,     0,     0,     0,  7170,     0,     0,     0],
 [    0,     0,     0,     0,     1,     0,  1965,     0,     3],
 [  167,     0,     0,     0,     0,     0,     0, 45622,     0],
 [    1,     0,     0,     0,     3,     0,     1,     1,  1624]]

