==========================================================================================
Experiment Run: 2026-02-02 10:58:19
==========================================================================================
Accuracy: 0.98178259
Precision: 0.98178947
Recall: 0.98178259
F1 Score: 0.98178220
Training Time: 0.1891 seconds
Prediction Time: 91.7874 seconds
Latency per sample: 0.00075491 seconds

Classification Report: 
                precision    recall  f1-score   support

        Benign  0.98031802 0.97593108 0.97811963     47821
     HTTPFlood  0.99585862 0.99521907 0.99553874     14014
     ICMPFlood  1.00000000 1.00000000 1.00000000       122
      SYNFlood  0.99804305 1.00000000 0.99902057      1020
       SYNScan  0.99651221 0.99601594 0.99626401      2008
   SlowrateDoS  0.99019337 0.99376213 0.99197454      7214
TCPConnectScan  0.99847561 0.99796851 0.99822200      1969
      UDPFlood  0.97536153 0.97953657 0.97744459     45789
       UDPScan  0.99754752 0.99815951 0.99785342      1630

      accuracy                      0.98178259    121587
     macro avg  0.99247888 0.99295476 0.99271528    121587
  weighted avg  0.98178947 0.98178259 0.98178220    121587


Confusion Matrix:
[[46670,    13,     0,     0,     1,     4,     0,  1133,     0],
 [    0, 13947,     0,     0,     0,    67,     0,     0,     0],
 [    0,     0,   122,     0,     0,     0,     0,     0,     0],
 [    0,     0,     0,  1020,     0,     0,     0,     0,     0],
 [    0,     0,     0,     2,  2000,     0,     3,     0,     3],
 [    0,    45,     0,     0,     0,  7169,     0,     0,     0],
 [    0,     0,     0,     0,     3,     0,  1965,     0,     1],
 [  937,     0,     0,     0,     0,     0,     0, 44852,     0],
 [    0,     0,     0,     0,     3,     0,     0,     0,  1627]]

