==========================================================================================
Experiment Run: 2026-02-02 11:02:33
==========================================================================================
Accuracy: 0.97563062
Precision: 0.97670385
Recall: 0.97563062
F1 Score: 0.97562423
Training Time: 169.1660 seconds
Prediction Time: 0.0445 seconds
Latency per sample: 0.00000037 seconds

Classification Report: 
                precision    recall  f1-score   support

        Benign  0.99631281 0.94362309 0.96925241     47821
     HTTPFlood  0.99593988 0.99771657 0.99682743     14014
     ICMPFlood  0.98387097 1.00000000 0.99186992       122
      SYNFlood  0.99609375 1.00000000 0.99804305      1020
       SYNScan  0.99750250 0.99452191 0.99600998      2008
   SlowrateDoS  0.99500000 0.99306903 0.99403358      7214
TCPConnectScan  0.99796954 0.99847638 0.99822290      1969
      UDPFlood  0.94445710 0.99635284 0.96971114     45789
       UDPScan  0.99693440 0.99754601 0.99724011      1630

      accuracy                      0.97563062    121587
     macro avg  0.98934233 0.99125620 0.99013450    121587
  weighted avg  0.97670385 0.97563062 0.97562423    121587


Confusion Matrix:
[[45125,     7,     0,     0,     0,     4,     1,  2683,     1],
 [    0, 13982,     0,     0,     0,    32,     0,     0,     0],
 [    0,     0,   122,     0,     0,     0,     0,     0,     0],
 [    0,     0,     0,  1020,     0,     0,     0,     0,     0],
 [    0,     0,     2,     4,  1997,     0,     3,     0,     2],
 [    0,    50,     0,     0,     0,  7164,     0,     0,     0],
 [    0,     0,     0,     0,     1,     0,  1966,     0,     2],
 [  167,     0,     0,     0,     0,     0,     0, 45622,     0],
 [    0,     0,     0,     0,     4,     0,     0,     0,  1626]]

