==========================================================================================
Experiment Run: 2026-02-02 10:32:57
==========================================================================================
Accuracy: 0.70880933
Precision: 0.80787856
Recall: 0.70880933
F1 Score: 0.70600550
Training Time: 0.2918 seconds
Prediction Time: 0.0129 seconds
Latency per sample: 0.00000011 seconds

Classification Report: 
                precision    recall  f1-score   support

        Benign  0.99311953 0.54329688 0.70236003     47821
     HTTPFlood  0.89173205 0.52718710 0.66263061     14014
     ICMPFlood  0.99186992 1.00000000 0.99591837       122
      SYNFlood  0.51403509 0.86176471 0.64395604      1020
       SYNScan  0.51404277 0.99352590 0.67753439      2008
   SlowrateDoS  0.49127688 0.90560022 0.63699298      7214
TCPConnectScan  0.99378882 0.08125952 0.15023474      1969
      UDPFlood  0.66852991 0.90635305 0.76948464     45789
       UDPScan  0.27555178 0.99570552 0.43164894      1630

      accuracy                      0.70880933    121587
     macro avg  0.70377186 0.75718810 0.63008453    121587
  weighted avg  0.80787856 0.70880933 0.70600550    121587


Confusion Matrix:
[[25981,   734,     0,    11,     0,   529,     1, 20555,    10],
 [  114,  7388,     0,   279,     0,  6233,     0,     0,     0],
 [    0,     0,   122,     0,     0,     0,     0,     0,     0],
 [    6,     6,     0,   879,   129,     0,     0,     0,     0],
 [    4,     2,     1,     4,  1995,     2,     0,     0,     0],
 [    5,   117,     0,   537,     0,  6533,     0,    22,     0],
 [   18,    34,     0,     0,  1757,     0,   160,     0,     0],
 [   31,     0,     0,     0,     0,     0,     0, 41501,  4257],
 [    2,     4,     0,     0,     0,     1,     0,     0,  1623]]

