==========================================================================================
Experiment Run: 2026-02-02 10:32:35
==========================================================================================
Accuracy: 0.97900269
Precision: 0.97900295
Recall: 0.97900269
F1 Score: 0.97900278
Training Time: 143.9910 seconds
Prediction Time: 0.0990 seconds
Latency per sample: 0.00000081 seconds

Classification Report: 
                precision    recall  f1-score   support

        Benign  0.97458637 0.97434182 0.97446408     47821
     HTTPFlood  0.99664549 0.99643214 0.99653880     14014
     ICMPFlood  1.00000000 1.00000000 1.00000000       122
      SYNFlood  0.99804305 1.00000000 0.99902057      1020
       SYNScan  0.99750623 0.99601594 0.99676053      2008
   SlowrateDoS  0.99307287 0.99362351 0.99334812      7214
TCPConnectScan  0.99847561 0.99796851 0.99822200      1969
      UDPFlood  0.97323203 0.97348708 0.97335954     45789
       UDPScan  0.99693440 0.99754601 0.99724011      1630

      accuracy                      0.97900269    121587
     macro avg  0.99205512 0.99215722 0.99210597    121587
  weighted avg  0.97900295 0.97900269 0.97900278    121587


Confusion Matrix:
[[46594,     1,     0,     0,     0,     0,     0,  1226,     0],
 [    0, 13964,     0,     0,     0,    50,     0,     0,     0],
 [    0,     0,   122,     0,     0,     0,     0,     0,     0],
 [    0,     0,     0,  1020,     0,     0,     0,     0,     0],
 [    0,     0,     0,     2,  2000,     0,     3,     0,     3],
 [    0,    46,     0,     0,     0,  7168,     0,     0,     0],
 [    0,     0,     0,     0,     2,     0,  1965,     0,     2],
 [ 1214,     0,     0,     0,     0,     0,     0, 44575,     0],
 [    1,     0,     0,     0,     3,     0,     0,     0,  1626]]

