==========================================================================================
Experiment Run: 2026-02-02 10:56:46
==========================================================================================
Accuracy: 0.94666371
Precision: 0.94853796
Recall: 0.94666371
F1 Score: 0.94678305
Training Time: 1429.4594 seconds
Prediction Time: 0.1087 seconds
Latency per sample: 0.00000089 seconds

Classification Report: 
                precision    recall  f1-score   support

        Benign  0.92437396 0.96411618 0.94382690     47821
     HTTPFlood  0.96713849 0.97024404 0.96868878     14014
     ICMPFlood  0.96825397 1.00000000 0.98387097       122
      SYNFlood  0.99221790 1.00000000 0.99609375      1020
       SYNScan  0.99650000 0.99252988 0.99451098      2008
   SlowrateDoS  0.91320406 0.95966177 0.93585671      7214
TCPConnectScan  0.93339676 0.99644490 0.96389094      1969
      UDPFlood  0.97718284 0.91192208 0.94342521     45789
       UDPScan  0.77964474 0.99631902 0.87476434      1630

      accuracy                      0.94666371    121587
     macro avg  0.93910141 0.97680421 0.95610317    121587
  weighted avg  0.94853796 0.94666371 0.94678305    121587


Confusion Matrix:
[[46105,   193,     1,     4,     4,   291,   134,   975,   114],
 [   55, 13597,     0,     0,     0,   362,     0,     0,     0],
 [    0,     0,   122,     0,     0,     0,     0,     0,     0],
 [    0,     0,     0,  1020,     0,     0,     0,     0,     0],
 [    0,     0,     2,     4,  1993,     3,     4,     0,     2],
 [    0,   269,     0,     0,     0,  6923,     0,     0,    22],
 [    0,     0,     1,     0,     0,     1,  1962,     0,     5],
 [ 3717,     0,     0,     0,     0,     0,     0, 41756,   316],
 [    0,     0,     0,     0,     3,     1,     2,     0,  1624]]

