==========================================================================================
Experiment Run: 2026-02-02 11:30:15
==========================================================================================
Accuracy: 0.97964421
Precision: 0.97964492
Recall: 0.97964421
F1 Score: 0.97964411
Training Time: 1576.9932 seconds
Prediction Time: 82.3708 seconds
Latency per sample: 0.00067746 seconds

Classification Report: 
                precision    recall  f1-score   support

        Benign  0.97583297 0.97440455 0.97511824     47821
     HTTPFlood  0.99664860 0.99735978 0.99700407     14014
     ICMPFlood  1.00000000 1.00000000 1.00000000       122
      SYNFlood  0.99804305 1.00000000 0.99902057      1020
       SYNScan  0.99700897 0.99601594 0.99651221      2008
   SlowrateDoS  0.99486539 0.99376213 0.99431345      7214
TCPConnectScan  0.99847561 0.99796851 0.99822200      1969
      UDPFlood  0.97337317 0.97479744 0.97408478     45789
       UDPScan  0.99693627 0.99815951 0.99754752      1630

      accuracy                      0.97964421    121587
     macro avg  0.99235378 0.99249643 0.99242476    121587
  weighted avg  0.97964492 0.97964421 0.97964411    121587


Confusion Matrix:
[[46597,     2,     0,     0,     1,     0,     0,  1221,     0],
 [    0, 13977,     0,     0,     0,    37,     0,     0,     0],
 [    0,     0,   122,     0,     0,     0,     0,     0,     0],
 [    0,     0,     0,  1020,     0,     0,     0,     0,     0],
 [    0,     0,     0,     2,  2000,     0,     3,     0,     3],
 [    0,    45,     0,     0,     0,  7169,     0,     0,     0],
 [    0,     0,     0,     0,     2,     0,  1965,     0,     2],
 [ 1154,     0,     0,     0,     0,     0,     0, 44635,     0],
 [    0,     0,     0,     0,     3,     0,     0,     0,  1627]]

