==========================================================================================
Experiment Run: 2026-02-03 16:00:17
==========================================================================================
Accuracy: 0.98485858
Precision: 0.98493272
Recall: 0.98485858
F1 Score: 0.98485940
Training Time: 737.5563 seconds
Prediction Time: 21.8174 seconds
Latency per sample: 0.00017944 seconds

Classification Report: 
                precision    recall  f1-score   support

        Benign  0.98836149 0.97492733 0.98159845     47821
     HTTPFlood  0.99650724 0.99757385 0.99704026     14014
     ICMPFlood  0.99186992 1.00000000 0.99591837       122
      SYNFlood  0.99804305 1.00000000 0.99902057      1020
       SYNScan  0.99750623 0.99601594 0.99676053      2008
   SlowrateDoS  0.99514159 0.99376213 0.99445138      7214
TCPConnectScan  0.99796851 0.99796851 0.99796851      1969
      UDPFlood  0.97430762 0.98803206 0.98112185     45789
       UDPScan  0.99815951 0.99815951 0.99815951      1630

      accuracy                      0.98485858    121587
     macro avg  0.99309613 0.99404881 0.99355994    121587
  weighted avg  0.98493272 0.98485858 0.98485940    121587


Confusion Matrix:
[[46622,     4,     0,     0,     1,     1,     0,  1193,     0],
 [    0, 13980,     0,     0,     0,    34,     0,     0,     0],
 [    0,     0,   122,     0,     0,     0,     0,     0,     0],
 [    0,     0,     0,  1020,     0,     0,     0,     0,     0],
 [    0,     0,     1,     2,  2000,     0,     4,     0,     1],
 [    0,    45,     0,     0,     0,  7169,     0,     0,     0],
 [    0,     0,     0,     0,     2,     0,  1965,     0,     2],
 [  548,     0,     0,     0,     0,     0,     0, 45241,     0],
 [    1,     0,     0,     0,     2,     0,     0,     0,  1627]]

