==========================================================================================
Experiment Run: 2026-02-03 15:47:37
==========================================================================================
Accuracy: 0.98508887
Precision: 0.98512348
Recall: 0.98508887
F1 Score: 0.98508929
Training Time: 195.7874 seconds
Prediction Time: 21.9628 seconds
Latency per sample: 0.00018063 seconds

Classification Report: 
                precision    recall  f1-score   support

        Benign  0.98653327 0.97735305 0.98192170     47821
     HTTPFlood  0.99650699 0.99750250 0.99700449     14014
     ICMPFlood  1.00000000 1.00000000 1.00000000       122
      SYNFlood  0.99706745 1.00000000 0.99853157      1020
       SYNScan  0.99750623 0.99601594 0.99676053      2008
   SlowrateDoS  0.99500486 0.99403937 0.99452188      7214
TCPConnectScan  0.99796851 0.99796851 0.99796851      1969
      UDPFlood  0.97674519 0.98608836 0.98139454     45789
       UDPScan  0.99815951 0.99815951 0.99815951      1630

      accuracy                      0.98508887    121587
     macro avg  0.99394356 0.99412525 0.99402919    121587
  weighted avg  0.98512348 0.98508887 0.98508929    121587


Confusion Matrix:
[[46738,     6,     0,     0,     1,     1,     0,  1075,     0],
 [    0, 13979,     0,     0,     0,    35,     0,     0,     0],
 [    0,     0,   122,     0,     0,     0,     0,     0,     0],
 [    0,     0,     0,  1020,     0,     0,     0,     0,     0],
 [    0,     0,     0,     3,  2000,     0,     4,     0,     1],
 [    0,    43,     0,     0,     0,  7171,     0,     0,     0],
 [    0,     0,     0,     0,     2,     0,  1965,     0,     2],
 [  637,     0,     0,     0,     0,     0,     0, 45152,     0],
 [    1,     0,     0,     0,     2,     0,     0,     0,  1627]]

