==========================================================================================
Experiment Run: 2026-02-03 15:39:35
==========================================================================================
Accuracy: 0.98415127
Precision: 0.98451615
Recall: 0.98415127
F1 Score: 0.98415188
Training Time: 7.6456 seconds
Prediction Time: 0.1668 seconds
Latency per sample: 0.00000137 seconds

Classification Report: 
                precision    recall  f1-score   support

        Benign  0.99598844 0.96568453 0.98060242     47821
     HTTPFlood  0.99657681 0.99714571 0.99686118     14014
     ICMPFlood  1.00000000 1.00000000 1.00000000       122
      SYNFlood  0.99804305 1.00000000 0.99902057      1020
       SYNScan  0.99800300 0.99551793 0.99675891      2008
   SlowrateDoS  0.99431503 0.99403937 0.99417718      7214
TCPConnectScan  0.99695586 0.99796851 0.99746193      1969
      UDPFlood  0.96538877 0.99595973 0.98043600     45789
       UDPScan  0.99693252 0.99693252 0.99693252      1630

      accuracy                      0.98415127    121587
     macro avg  0.99357816 0.99369426 0.99358341    121587
  weighted avg  0.98451615 0.98415127 0.98415188    121587


Confusion Matrix:
[[46180,     5,     0,     0,     0,     1,     0,  1634,     1],
 [    0, 13974,     0,     0,     0,    40,     0,     0,     0],
 [    0,     0,   122,     0,     0,     0,     0,     0,     0],
 [    0,     0,     0,  1020,     0,     0,     0,     0,     0],
 [    0,     0,     0,     2,  1999,     0,     5,     0,     2],
 [    0,    43,     0,     0,     0,  7171,     0,     0,     0],
 [    0,     0,     0,     0,     2,     0,  1965,     0,     2],
 [  185,     0,     0,     0,     0,     0,     0, 45604,     0],
 [    1,     0,     0,     0,     2,     0,     1,     1,  1625]]

