==========================================================================================
Experiment Run: 2026-02-03 15:43:59
==========================================================================================
Accuracy: 0.81804798
Precision: 0.87376111
Recall: 0.81804798
F1 Score: 0.83834796
Training Time: 0.3522 seconds
Prediction Time: 0.0035 seconds
Latency per sample: 0.00000003 seconds

Classification Report: 
                precision    recall  f1-score   support

        Benign  0.91467036 0.76010539 0.83025548     47821
     HTTPFlood  0.95928790 0.93820465 0.94862915     14014
     ICMPFlood  0.04222915 1.00000000 0.08103620       122
      SYNFlood  0.32000000 0.86274510 0.46684350      1020
       SYNScan  0.99899194 0.98705179 0.99298597      2008
   SlowrateDoS  0.86356340 0.82034932 0.84140186      7214
TCPConnectScan  0.84568966 0.99644490 0.91489858      1969
      UDPFlood  0.83918855 0.81851536 0.82872305     45789
       UDPScan  0.24296828 0.99631902 0.39066635      1630

      accuracy                      0.81804798    121587
     macro avg  0.66962103 0.90885950 0.69949335    121587
  weighted avg  0.87376111 0.81804798 0.83834796    121587


Confusion Matrix:
[[36349,   308,  2758,   513,     0,   389,   209,  7173,   122],
 [    0, 13148,     0,   320,     0,   546,     0,     0,     0],
 [    0,     0,   122,     0,     0,     0,     0,     0,     0],
 [    0,     0,     0,   880,     2,     0,   129,     9,     0],
 [    0,     0,     5,     6,  1982,     0,    13,     0,     2],
 [    0,   250,     0,  1024,     0,  5918,     5,     0,    17],
 [    0,     0,     4,     3,     0,     0,  1962,     0,     0],
 [ 3391,     0,     0,     0,     0,     0,     0, 37479,  4919],
 [    0,     0,     0,     4,     0,     0,     2,     0,  1624]]

