==========================================================================================
Experiment Run: 2026-02-03 15:32:42
==========================================================================================
Accuracy: 0.98536028
Precision: 0.98552130
Recall: 0.98536028
F1 Score: 0.98536098
Training Time: 56.5290 seconds
Prediction Time: 0.1936 seconds
Latency per sample: 0.00000159 seconds

Classification Report: 
                precision    recall  f1-score   support

        Benign  0.99244478 0.97239706 0.98231864     47821
     HTTPFlood  0.99636234 0.99678893 0.99657559     14014
     ICMPFlood  1.00000000 1.00000000 1.00000000       122
      SYNFlood  0.99804305 1.00000000 0.99902057      1020
       SYNScan  0.99750623 0.99601594 0.99676053      2008
   SlowrateDoS  0.99334812 0.99362351 0.99348579      7214
TCPConnectScan  0.99796851 0.99796851 0.99796851      1969
      UDPFlood  0.97195482 0.99226889 0.98200681     45789
       UDPScan  0.99693627 0.99815951 0.99754752      1630

      accuracy                      0.98536028    121587
     macro avg  0.99384046 0.99413582 0.99396488    121587
  weighted avg  0.98552130 0.98536028 0.98536098    121587


Confusion Matrix:
[[46501,     5,     0,     0,     0,     3,     0,  1311,     1],
 [    0, 13969,     0,     0,     0,    45,     0,     0,     0],
 [    0,     0,   122,     0,     0,     0,     0,     0,     0],
 [    0,     0,     0,  1020,     0,     0,     0,     0,     0],
 [    0,     0,     0,     2,  2000,     0,     4,     0,     2],
 [    0,    46,     0,     0,     0,  7168,     0,     0,     0],
 [    0,     0,     0,     0,     2,     0,  1965,     0,     2],
 [  354,     0,     0,     0,     0,     0,     0, 45435,     0],
 [    0,     0,     0,     0,     3,     0,     0,     0,  1627]]

