==========================================================================================
Experiment Run: 2026-02-03 15:42:01
==========================================================================================
Accuracy: 0.94648277
Precision: 0.94723771
Recall: 0.94648277
F1 Score: 0.94658211
Training Time: 145.3369 seconds
Prediction Time: 0.0869 seconds
Latency per sample: 0.00000071 seconds

Classification Report: 
                precision    recall  f1-score   support

        Benign  0.93658043 0.94776353 0.94213880     47821
     HTTPFlood  0.95100681 0.95711431 0.95405079     14014
     ICMPFlood  0.97600000 1.00000000 0.98785425       122
      SYNFlood  0.99028183 0.99901961 0.99463153      1020
       SYNScan  0.98861386 0.99452191 0.99155909      2008
   SlowrateDoS  0.87962255 0.95619629 0.91631243      7214
TCPConnectScan  0.89070295 0.99746064 0.94106373      1969
      UDPFlood  0.96704093 0.93297517 0.94970266     45789
       UDPScan  0.95867769 0.99631902 0.97713598      1630

      accuracy                      0.94648277    121587
     macro avg  0.94872523 0.97570783 0.96160547    121587
  weighted avg  0.94723771 0.94648277 0.94658211    121587


Confusion Matrix:
[[45323,   397,     0,     6,    16,   342,   235,  1456,    46],
 [    0, 13413,     0,     0,     0,   601,     0,     0,     0],
 [    0,     0,   122,     0,     0,     0,     0,     0,     0],
 [    0,     0,     0,  1019,     0,     1,     0,     0,     0],
 [    0,     0,     2,     4,  1997,     0,     3,     0,     2],
 [    0,   294,     0,     0,     0,  6898,     0,     0,    22],
 [    0,     0,     1,     0,     4,     0,  1964,     0,     0],
 [ 3069,     0,     0,     0,     0,     0,     0, 42720,     0],
 [    0,     0,     0,     0,     3,     0,     3,     0,  1624]]

