==========================================================================================
Experiment Run: 2026-02-03 15:42:23
==========================================================================================
Accuracy: 0.98378116
Precision: 0.98379861
Recall: 0.98378116
F1 Score: 0.98377960
Training Time: 0.0526 seconds
Prediction Time: 21.4706 seconds
Latency per sample: 0.00017659 seconds

Classification Report: 
                precision    recall  f1-score   support

        Benign  0.98445105 0.97708120 0.98075228     47821
     HTTPFlood  0.99479055 0.99471957 0.99475506     14014
     ICMPFlood  1.00000000 1.00000000 1.00000000       122
      SYNFlood  0.99804305 1.00000000 0.99902057      1020
       SYNScan  0.99700599 0.99501992 0.99601196      2008
   SlowrateDoS  0.98786876 0.99334627 0.99059994      7214
TCPConnectScan  0.99594526 0.99796851 0.99695586      1969
      UDPFlood  0.97716033 0.98388259 0.98050994     45789
       UDPScan  0.99754902 0.99877301 0.99816064      1630

      accuracy                      0.98378116    121587
     macro avg  0.99253489 0.99342123 0.99297403    121587
  weighted avg  0.98379861 0.98378116 0.98377960    121587


Confusion Matrix:
[[46725,    25,     0,     0,     1,    14,     3,  1053,     0],
 [    0, 13940,     0,     0,     0,    74,     0,     0,     0],
 [    0,     0,   122,     0,     0,     0,     0,     0,     0],
 [    0,     0,     0,  1020,     0,     0,     0,     0,     0],
 [    0,     0,     0,     2,  1998,     0,     5,     0,     3],
 [    0,    48,     0,     0,     0,  7166,     0,     0,     0],
 [    0,     0,     0,     0,     3,     0,  1965,     0,     1],
 [  738,     0,     0,     0,     0,     0,     0, 45051,     0],
 [    0,     0,     0,     0,     2,     0,     0,     0,  1628]]

