==========================================================================================
Experiment Run: 2026-02-03 00:15:11
==========================================================================================
Accuracy: 0.97737423
Precision: 0.97815105
Recall: 0.97737423
F1 Score: 0.97736526
Training Time: 2116.7791 seconds
Prediction Time: 0.0488 seconds
Latency per sample: 0.00000040 seconds

Classification Report: 
                precision    recall  f1-score   support

        Benign  0.99657512 0.95531252 0.97550768     47821
     HTTPFlood  0.99522258 0.98109034 0.98810593     14014
     ICMPFlood  1.00000000 1.00000000 1.00000000       122
      SYNFlood  1.00000000 0.88039216 0.93639208      1020
       SYNScan  0.93984962 0.99601594 0.96711799      2008
   SlowrateDoS  0.96355077 0.99306903 0.97808724      7214
TCPConnectScan  0.99796438 0.99593702 0.99694967      1969
      UDPFlood  0.95566399 0.99657123 0.97568902     45789
       UDPScan  0.99510404 0.99754601 0.99632353      1630

      accuracy                      0.97737423    121587
     macro avg  0.98265895 0.97732603 0.97935257    121587
  weighted avg  0.97815105 0.97737423 0.97736526    121587


Confusion Matrix:
[[45684,    15,     0,     0,     1,     2,     0,  2117,     2],
 [    0, 13749,     0,     0,     0,   265,     0,     0,     0],
 [    0,     0,   122,     0,     0,     0,     0,     0,     0],
 [    0,     0,     0,   898,   122,     0,     0,     0,     0],
 [    0,     2,     0,     0,  2000,     0,     2,     0,     4],
 [    0,    49,     0,     0,     0,  7164,     0,     0,     1],
 [    0,     0,     0,     0,     3,     4,  1961,     0,     1],
 [  157,     0,     0,     0,     0,     0,     0, 45632,     0],
 [    0,     0,     0,     0,     2,     0,     2,     0,  1626]]

