==========================================================================================
Experiment Run: 2026-02-02 23:38:17
==========================================================================================
Accuracy: 0.98494082
Precision: 0.98511999
Recall: 0.98494082
F1 Score: 0.98494179
Training Time: 0.2236 seconds
Prediction Time: 81.9540 seconds
Latency per sample: 0.00067404 seconds

Classification Report: 
                precision    recall  f1-score   support

        Benign  0.99326981 0.97214613 0.98259445     47821
     HTTPFlood  0.99484831 0.99215071 0.99349768     14014
     ICMPFlood  1.00000000 1.00000000 1.00000000       122
      SYNFlood  0.99804305 1.00000000 0.99902057      1020
       SYNScan  0.99700897 0.99601594 0.99651221      2008
   SlowrateDoS  0.98404621 0.99182146 0.98791854      7214
TCPConnectScan  0.99695740 0.99847638 0.99771632      1969
      UDPFlood  0.97197820 0.99312062 0.98243567     45789
       UDPScan  0.99815838 0.99754601 0.99785210      1630

      accuracy                      0.98494082    121587
     macro avg  0.99270115 0.99347525 0.99306084    121587
  weighted avg  0.98511999 0.98494082 0.98494179    121587


Confusion Matrix:
[[46489,    13,     0,     0,     2,     6,     0,  1311,     0],
 [    0, 13904,     0,     0,     0,   110,     0,     0,     0],
 [    0,     0,   122,     0,     0,     0,     0,     0,     0],
 [    0,     0,     0,  1020,     0,     0,     0,     0,     0],
 [    0,     0,     0,     2,  2000,     0,     4,     0,     2],
 [    0,    59,     0,     0,     0,  7155,     0,     0,     0],
 [    0,     0,     0,     0,     2,     0,  1966,     0,     1],
 [  315,     0,     0,     0,     0,     0,     0, 45474,     0],
 [    0,     0,     0,     0,     2,     0,     2,     0,  1626]]

