==========================================================================================
Experiment Run: 2026-02-03 03:06:43
==========================================================================================
Accuracy: 0.98362489
Precision: 0.98372693
Recall: 0.98362489
F1 Score: 0.98362719
Training Time: 10209.1378 seconds
Prediction Time: 80.7191 seconds
Latency per sample: 0.00066388 seconds

Classification Report: 
                precision    recall  f1-score   support

        Benign  0.98831652 0.97289894 0.98054713     47821
     HTTPFlood  0.99677881 0.99364921 0.99521155     14014
     ICMPFlood  1.00000000 1.00000000 1.00000000       122
      SYNFlood  1.00000000 1.00000000 1.00000000      1020
       SYNScan  0.99900200 0.99701195 0.99800598      2008
   SlowrateDoS  0.98774105 0.99403937 0.99088020      7214
TCPConnectScan  0.99645210 0.99847638 0.99746322      1969
      UDPFlood  0.97219178 0.98798838 0.98002643     45789
       UDPScan  0.99754601 0.99754601 0.99754601      1630

      accuracy                      0.98362489    121587
     macro avg  0.99311425 0.99351225 0.99329783    121587
  weighted avg  0.98372693 0.98362489 0.98362719    121587


Confusion Matrix:
[[46525,     2,     0,     0,     0,     0,     0,  1294,     0],
 [    0, 13925,     0,     0,     0,    89,     0,     0,     0],
 [    0,     0,   122,     0,     0,     0,     0,     0,     0],
 [    0,     0,     0,  1020,     0,     0,     0,     0,     0],
 [    0,     0,     0,     0,  2002,     0,     4,     0,     2],
 [    0,    43,     0,     0,     0,  7171,     0,     0,     0],
 [    0,     0,     0,     0,     1,     0,  1966,     0,     2],
 [  550,     0,     0,     0,     0,     0,     0, 45239,     0],
 [    0,     0,     0,     0,     1,     0,     3,     0,  1626]]

