==========================================================================================
Experiment Run: 2026-02-02 23:36:55
==========================================================================================
Accuracy: 0.80415669
Precision: 0.83175007
Recall: 0.80415669
F1 Score: 0.79110473
Training Time: 10302.7316 seconds
Prediction Time: 0.1144 seconds
Latency per sample: 0.00000094 seconds

Classification Report: 
                precision    recall  f1-score   support

        Benign  0.97498624 0.66673637 0.79192280     47821
     HTTPFlood  0.98195226 0.72213501 0.83223684     14014
     ICMPFlood  0.98387097 1.00000000 0.99186992       122
      SYNFlood  0.98561947 0.87352941 0.92619543      1020
       SYNScan  0.11111111 0.00199203 0.00391389      2008
   SlowrateDoS  0.67127280 0.98988079 0.80002241      7214
TCPConnectScan  0.46542878 0.96749619 0.62850544      1969
      UDPFlood  0.72831873 0.99809998 0.84213048     45789
       UDPScan  0.17647059 0.00368098 0.00721154      1630

      accuracy                      0.80415669    121587
     macro avg  0.67544788 0.69150564 0.64711208    121587
  weighted avg  0.83175007 0.80415669 0.79110473    121587


Confusion Matrix:
[[31884,   145,     2,    13,    27,   260,    29, 15460,     1],
 [  661, 10120,     0,     0,     0,  3233,     0,     0,     0],
 [    0,     0,   122,     0,     0,     0,     0,     0,     0],
 [    0,     0,     0,   891,     0,     0,   129,     0,     0],
 [    0,     0,     0,     0,     4,     0,  1979,     0,    25],
 [   10,    41,     0,     0,     5,  7141,    17,     0,     0],
 [   58,     0,     0,     0,     0,     4,  1905,     0,     2],
 [   87,     0,     0,     0,     0,     0,     0, 45702,     0],
 [    2,     0,     0,     0,     0,     0,    34,  1588,     6]]

