==========================================================================================
Experiment Run: 2026-02-02 23:39:54
==========================================================================================
Accuracy: 0.98059003
Precision: 0.98061556
Recall: 0.98059003
F1 Score: 0.98059076
Training Time: 96.2293 seconds
Prediction Time: 0.0061 seconds
Latency per sample: 0.00000005 seconds

Classification Report: 
                precision    recall  f1-score   support

        Benign  0.98078017 0.97319169 0.97697120     47821
     HTTPFlood  0.99513591 0.99272156 0.99392727     14014
     ICMPFlood  1.00000000 1.00000000 1.00000000       122
      SYNFlood  1.00000000 1.00000000 1.00000000      1020
       SYNScan  0.99750996 0.99750996 0.99750996      2008
   SlowrateDoS  0.98621640 0.99182146 0.98901099      7214
TCPConnectScan  0.99645210 0.99847638 0.99746322      1969
      UDPFlood  0.97263094 0.98023543 0.97641838     45789
       UDPScan  0.99693440 0.99754601 0.99724011      1630

      accuracy                      0.98059003    121587
     macro avg  0.99173999 0.99238917 0.99206012    121587
  weighted avg  0.98061556 0.98059003 0.98059076    121587


Confusion Matrix:
[[46539,    10,     0,     0,     3,     4,     1,  1263,     1],
 [    6, 13912,     0,     0,     0,    96,     0,     0,     0],
 [    0,     0,   122,     0,     0,     0,     0,     0,     0],
 [    0,     0,     0,  1020,     0,     0,     0,     0,     0],
 [    0,     0,     0,     0,  2003,     0,     3,     0,     2],
 [    1,    58,     0,     0,     0,  7155,     0,     0,     0],
 [    0,     0,     0,     0,     1,     0,  1966,     0,     2],
 [  905,     0,     0,     0,     0,     0,     0, 44884,     0],
 [    0,     0,     0,     0,     1,     0,     3,     0,  1626]]

