==========================================================================================
Experiment Run: 2026-02-02 20:44:53
==========================================================================================
Accuracy: 0.98105883
Precision: 0.98108833
Recall: 0.98105883
F1 Score: 0.98106040
Training Time: 144.1862 seconds
Prediction Time: 0.0996 seconds
Latency per sample: 0.00000082 seconds

Classification Report: 
                precision    recall  f1-score   support

        Benign  0.98123630 0.97325443 0.97722906     47821
     HTTPFlood  0.99635610 0.99507635 0.99571582     14014
     ICMPFlood  1.00000000 1.00000000 1.00000000       122
      SYNFlood  0.99804305 1.00000000 0.99902057      1020
       SYNScan  0.99850299 0.99651394 0.99750748      2008
   SlowrateDoS  0.99046039 0.99306903 0.99176300      7214
TCPConnectScan  0.99645030 0.99796851 0.99720883      1969
      UDPFlood  0.97232448 0.98058486 0.97643720     45789
       UDPScan  0.99815725 0.99693252 0.99754451      1630

      accuracy                      0.98105883    121587
     macro avg  0.99239232 0.99259996 0.99249183    121587
  weighted avg  0.98108833 0.98105883 0.98106040    121587


Confusion Matrix:
[[46542,     1,     0,     0,     0,     0,     0,  1278,     0],
 [    0, 13945,     0,     0,     0,    69,     0,     0,     0],
 [    0,     0,   122,     0,     0,     0,     0,     0,     0],
 [    0,     0,     0,  1020,     0,     0,     0,     0,     0],
 [    0,     0,     0,     2,  2001,     0,     4,     0,     1],
 [    0,    50,     0,     0,     0,  7164,     0,     0,     0],
 [    0,     0,     0,     0,     2,     0,  1965,     0,     2],
 [  889,     0,     0,     0,     0,     0,     0, 44900,     0],
 [    1,     0,     0,     0,     1,     0,     3,     0,  1625]]

