==========================================================================================
Experiment Run: 2026-02-02 20:45:11
==========================================================================================
Accuracy: 0.98229251
Precision: 0.98282617
Recall: 0.98229251
F1 Score: 0.98229837
Training Time: 17.7395 seconds
Prediction Time: 0.1135 seconds
Latency per sample: 0.00000093 seconds

Classification Report: 
                precision    recall  f1-score   support

        Benign  0.99809169 0.96246419 0.97995422     47821
     HTTPFlood  0.99610418 0.98522906 0.99063677     14014
     ICMPFlood  1.00000000 1.00000000 1.00000000       122
      SYNFlood  1.00000000 1.00000000 1.00000000      1020
       SYNScan  0.99850449 0.99750996 0.99800698      2008
   SlowrateDoS  0.97204505 0.99293041 0.98237674      7214
TCPConnectScan  0.99645030 0.99796851 0.99720883      1969
      UDPFlood  0.96227051 0.99814366 0.97987887     45789
       UDPScan  0.99815612 0.99631902 0.99723672      1630

      accuracy                      0.98229251    121587
     macro avg  0.99129137 0.99228498 0.99169990    121587
  weighted avg  0.98282617 0.98229251 0.98229837    121587


Confusion Matrix:
[[46026,     3,     0,     0,     0,     0,     0,  1792,     0],
 [    1, 13807,     0,     0,     0,   206,     0,     0,     0],
 [    0,     0,   122,     0,     0,     0,     0,     0,     0],
 [    0,     0,     0,  1020,     0,     0,     0,     0,     0],
 [    0,     0,     0,     0,  2003,     0,     4,     0,     1],
 [    0,    51,     0,     0,     0,  7163,     0,     0,     0],
 [    0,     0,     0,     0,     2,     0,  1965,     0,     2],
 [   85,     0,     0,     0,     0,     0,     0, 45704,     0],
 [    2,     0,     0,     0,     1,     0,     3,     0,  1624]]

