==========================================================================================
Experiment Run: 2026-02-03 00:15:13
==========================================================================================
Accuracy: 0.79094805
Precision: 0.82925305
Recall: 0.79094805
F1 Score: 0.80551451
Training Time: 1.5147 seconds
Prediction Time: 0.0038 seconds
Latency per sample: 0.00000003 seconds

Classification Report: 
                precision    recall  f1-score   support

        Benign  0.87972151 0.79532005 0.83539438     47821
     HTTPFlood  0.95641498 0.77822178 0.85816579     14014
     ICMPFlood  0.04637020 1.00000000 0.08863058       122
      SYNFlood  0.00213675 0.00098039 0.00134409      1020
       SYNScan  0.00420757 0.00298805 0.00349447      2008
   SlowrateDoS  0.71490148 0.96562240 0.82155915      7214
TCPConnectScan  0.07015131 0.10360589 0.08365799      1969
      UDPFlood  0.86835387 0.85424447 0.86124139     45789
       UDPScan  0.17255234 0.50061350 0.25664413      1630

      accuracy                      0.79094805    121587
     macro avg  0.41275667 0.55573295 0.42334800    121587
  weighted avg  0.82925305 0.79094805 0.80551451    121587


Confusion Matrix:
[[38033,   401,  2504,    83,   409,   130,   304,  5925,    32],
 [   45, 10906,     0,   362,    17,  2644,    40,     0,     0],
 [    0,     0,   122,     0,     0,     0,     0,     0,     0],
 [    0,     0,     0,     1,   879,     0,    11,     0,   129],
 [    0,     0,     4,     0,     6,     0,     3,     0,  1995],
 [    0,    96,     0,    22,   108,  6966,    17,     5,     0],
 [    0,     0,     1,     0,     3,     4,   204,     0,  1757],
 [ 5155,     0,     0,     0,     0,     0,  1519, 39115,     0],
 [    0,     0,     0,     0,     4,     0,   810,     0,   816]]

