==========================================================================================
Experiment Run: 2026-02-02 20:42:29
==========================================================================================
Accuracy: 0.86405619
Precision: 0.85922317
Recall: 0.86405619
F1 Score: 0.85592861
Training Time: 49.9262 seconds
Prediction Time: 0.0062 seconds
Latency per sample: 0.00000005 seconds

Classification Report: 
                precision    recall  f1-score   support

        Benign  0.98472256 0.84241233 0.90802538     47821
     HTTPFlood  0.92855081 0.91808192 0.92328669     14014
     ICMPFlood  0.04490247 1.00000000 0.08594576       122
      SYNFlood  0.00917431 0.00196078 0.00323102      1020
       SYNScan  0.00290065 0.00199203 0.00236197      2008
   SlowrateDoS  0.85127808 0.91405600 0.88155080      7214
TCPConnectScan  0.06451613 0.00914170 0.01601423      1969
      UDPFlood  0.83061757 0.98635043 0.90181005     45789
       UDPScan  0.02777778 0.00184049 0.00345224      1630

      accuracy                      0.86405619    121587
     macro avg  0.41604893 0.51953730 0.41396424    121587
  weighted avg  0.85922317 0.86405619 0.85592861    121587


Confusion Matrix:
[[40285,   413,  2590,    81,   495,   114,   229,  3512,   102],
 [    0, 12866,     0,   114,     0,  1034,     0,     0,     0],
 [    0,     0,   122,     0,     0,     0,     0,     0,     0],
 [    0,     0,     0,     2,   878,     0,    11,   129,     0],
 [    0,     0,     4,     0,     4,     0,     3,  1995,     2],
 [    0,   577,     0,    21,     0,  6594,    17,     5,     0],
 [    0,     0,     1,     0,     1,     4,    18,  1944,     1],
 [  625,     0,     0,     0,     0,     0,     0, 45164,     0],
 [    0,     0,     0,     0,     1,     0,     1,  1625,     3]]

