==========================================================================================
Experiment Run: 2026-02-02 20:45:12
==========================================================================================
Accuracy: 0.51457804
Precision: 0.61700913
Recall: 0.51457804
F1 Score: 0.47441764
Training Time: 0.2892 seconds
Prediction Time: 0.0223 seconds
Latency per sample: 0.00000018 seconds

Classification Report: 
                precision    recall  f1-score   support

        Benign  0.58877350 0.26912863 0.36940299     47821
     HTTPFlood  0.90822785 0.02047952 0.04005583     14014
     ICMPFlood  0.96825397 1.00000000 0.98387097       122
      SYNFlood  0.00048426 0.00098039 0.00064830      1020
       SYNScan  0.22622951 0.99651394 0.36874597      2008
   SlowrateDoS  0.42270742 0.20127530 0.27270166      7214
TCPConnectScan  0.00446259 0.02386998 0.00751940      1969
      UDPFlood  0.66604562 0.99932298 0.79933619     45789
       UDPScan  0.00490540 0.01717791 0.00763151      1630

      accuracy                      0.51457804    121587
     macro avg  0.42112112 0.39208318 0.31665698    121587
  weighted avg  0.61700913 0.51457804 0.47441764    121587


Confusion Matrix:
[[12870,    17,     0,  1264,    62,    28,  7929, 21323,  4328],
 [ 5442,   287,     0,   756,  2465,  1951,  1823,     0,  1290],
 [    0,     0,   122,     0,     0,     0,     0,     0,     0],
 [   11,     0,     0,     1,  1008,     0,     0,     0,     0],
 [    0,     0,     3,     0,  2001,     0,     1,     0,     3],
 [ 3475,    10,     0,    44,  1430,  1452,   732,    22,    49],
 [   31,     2,     1,     0,  1875,     4,    47,     0,     9],
 [   30,     0,     0,     0,     0,     0,     0, 45758,     1],
 [    0,     0,     0,     0,     4,     0,     0,  1598,    28]]

