==========================================================================================
Experiment Run: 2026-02-03 07:43:59
==========================================================================================
Accuracy: 0.98434866
Precision: 0.98436114
Recall: 0.98434866
F1 Score: 0.98434805
Training Time: 0.1130 seconds
Prediction Time: 44.7284 seconds
Latency per sample: 0.00036787 seconds

Classification Report: 
                precision    recall  f1-score   support

        Benign  0.98453641 0.97856590 0.98154208     47821
     HTTPFlood  0.99507459 0.99471957 0.99489705     14014
     ICMPFlood  1.00000000 1.00000000 1.00000000       122
      SYNFlood  0.99804305 1.00000000 0.99902057      1020
       SYNScan  0.99700897 0.99601594 0.99651221      2008
   SlowrateDoS  0.98867716 0.99251456 0.99059214      7214
TCPConnectScan  0.99645030 0.99796851 0.99720883      1969
      UDPFlood  0.97832885 0.98394811 0.98113043     45789
       UDPScan  0.99754752 0.99815951 0.99785342      1630

      accuracy                      0.98434866    121587
     macro avg  0.99285187 0.99354357 0.99319519    121587
  weighted avg  0.98436114 0.98434866 0.98434805    121587


Confusion Matrix:
[[46796,    15,     0,     0,     1,     8,     3,   998,     0],
 [    0, 13940,     0,     0,     0,    74,     0,     0,     0],
 [    0,     0,   122,     0,     0,     0,     0,     0,     0],
 [    0,     0,     0,  1020,     0,     0,     0,     0,     0],
 [    0,     0,     0,     2,  2000,     0,     3,     0,     3],
 [    0,    54,     0,     0,     0,  7160,     0,     0,     0],
 [    0,     0,     0,     0,     3,     0,  1965,     0,     1],
 [  735,     0,     0,     0,     0,     0,     0, 45054,     0],
 [    0,     0,     0,     0,     2,     0,     1,     0,  1627]]

