==========================================================================================
Experiment Run: 2026-02-03 07:35:44
==========================================================================================
Accuracy: 0.98415127
Precision: 0.98453326
Recall: 0.98415127
F1 Score: 0.98415225
Training Time: 8.6004 seconds
Prediction Time: 0.0966 seconds
Latency per sample: 0.00000079 seconds

Classification Report: 
                precision    recall  f1-score   support

        Benign  0.99626632 0.96530813 0.98054293     47821
     HTTPFlood  0.99678984 0.99707435 0.99693208     14014
     ICMPFlood  1.00000000 1.00000000 1.00000000       122
      SYNFlood  1.00000000 1.00000000 1.00000000      1020
       SYNScan  0.99850449 0.99750996 0.99800698      2008
   SlowrateDoS  0.99431503 0.99403937 0.99417718      7214
TCPConnectScan  0.99847561 0.99796851 0.99822200      1969
      UDPFlood  0.96496943 0.99624364 0.98035718     45789
       UDPScan  0.99632578 0.99815951 0.99724180      1630

      accuracy                      0.98415127    121587
     macro avg  0.99396072 0.99403372 0.99394224    121587
  weighted avg  0.98453326 0.98415127 0.98415225    121587


Confusion Matrix:
[[46162,     2,     0,     0,     0,     0,     0,  1656,     1],
 [    0, 13973,     0,     0,     0,    41,     0,     0,     0],
 [    0,     0,   122,     0,     0,     0,     0,     0,     0],
 [    0,     0,     0,  1020,     0,     0,     0,     0,     0],
 [    0,     0,     0,     0,  2003,     0,     3,     0,     2],
 [    0,    43,     0,     0,     0,  7171,     0,     0,     0],
 [    0,     0,     0,     0,     1,     0,  1965,     0,     3],
 [  172,     0,     0,     0,     0,     0,     0, 45617,     0],
 [    1,     0,     0,     0,     2,     0,     0,     0,  1627]]

