==========================================================================================
Experiment Run: 2026-02-03 07:35:44
==========================================================================================
Accuracy: 0.71496953
Precision: 0.80800382
Recall: 0.71496953
F1 Score: 0.71263266
Training Time: 0.1439 seconds
Prediction Time: 0.0225 seconds
Latency per sample: 0.00000018 seconds

Classification Report: 
                precision    recall  f1-score   support

        Benign  0.98278646 0.55994228 0.71341602     47821
     HTTPFlood  0.89880078 0.52411874 0.66212927     14014
     ICMPFlood  0.99186992 1.00000000 0.99591837       122
      SYNFlood  0.53402187 0.86176471 0.65941485      1020
       SYNScan  0.51404277 0.99352590 0.67753439      2008
   SlowrateDoS  0.50253495 0.90684780 0.64669830      7214
TCPConnectScan  0.99378882 0.08125952 0.15023474      1969
      UDPFlood  0.67529339 0.90606914 0.77384217     45789
       UDPScan  0.27494494 0.99570552 0.43090402      1630

      accuracy                      0.71496953    121587
     macro avg  0.70756488 0.75880373 0.63445468    121587
  weighted avg  0.80800382 0.71496953 0.71263266    121587


Confusion Matrix:
[[26777,   698,     0,    11,     0,   397,     1, 19927,    10],
 [  365,  7345,     0,   225,     0,  6079,     0,     0,     0],
 [    0,     0,   122,     0,     0,     0,     0,     0,     0],
 [   10,     2,     0,   879,   129,     0,     0,     0,     0],
 [    6,     2,     1,     4,  1995,     0,     0,     0,     0],
 [   11,   112,     0,   527,     0,  6542,     0,    22,     0],
 [   43,     9,     0,     0,  1757,     0,   160,     0,     0],
 [   31,     0,     0,     0,     0,     0,     0, 41488,  4270],
 [    3,     4,     0,     0,     0,     0,     0,     0,  1623]]

