==========================================================================================
Experiment Run: 2026-02-03 07:43:14
==========================================================================================
Accuracy: 0.94788917
Precision: 0.94933508
Recall: 0.94788917
F1 Score: 0.94789521
Training Time: 449.8169 seconds
Prediction Time: 0.1314 seconds
Latency per sample: 0.00000108 seconds

Classification Report: 
                precision    recall  f1-score   support

        Benign  0.92271883 0.96574727 0.94374285     47821
     HTTPFlood  0.95572264 0.97959184 0.96751004     14014
     ICMPFlood  0.97600000 1.00000000 0.98785425       122
      SYNFlood  0.99221790 1.00000000 0.99609375      1020
       SYNScan  0.99749624 0.99203187 0.99475655      2008
   SlowrateDoS  0.93093505 0.93983920 0.93536594      7214
TCPConnectScan  0.93894231 0.99187405 0.96468264      1969
      UDPFlood  0.97883239 0.91395313 0.94528082     45789
       UDPScan  0.85249344 0.99631902 0.91881188      1630

      accuracy                      0.94788917    121587
     macro avg  0.94948431 0.97548404 0.96156653    121587
  weighted avg  0.94933508 0.94788917 0.94789521    121587


Confusion Matrix:
[[46183,   224,     0,     4,     2,   277,   119,   905,   107],
 [   64, 13728,     0,     0,     0,   222,     0,     0,     0],
 [    0,     0,   122,     0,     0,     0,     0,     0,     0],
 [    0,     0,     0,  1020,     0,     0,     0,     0,     0],
 [    0,     0,     2,     4,  1992,     2,     6,     0,     2],
 [    0,   412,     0,     0,     0,  6780,     0,     0,    22],
 [    0,     0,     1,     0,     0,     1,  1953,     0,    14],
 [ 3804,     0,     0,     0,     0,     0,     0, 41849,   136],
 [    0,     0,     0,     0,     3,     1,     2,     0,  1624]]

