==========================================================================================
Experiment Run: 2026-02-03 07:46:29
==========================================================================================
Accuracy: 0.81808910
Precision: 0.87371768
Recall: 0.81808910
F1 Score: 0.83835809
Training Time: 0.7542 seconds
Prediction Time: 0.0034 seconds
Latency per sample: 0.00000003 seconds

Classification Report: 
                precision    recall  f1-score   support

        Benign  0.91463936 0.76025177 0.83033002     47821
     HTTPFlood  0.95914794 0.93820465 0.94856071     14014
     ICMPFlood  0.04222915 1.00000000 0.08103620       122
      SYNFlood  0.32187271 0.86274510 0.46883324      1020
       SYNScan  0.99899143 0.98655378 0.99273365      2008
   SlowrateDoS  0.86301370 0.82090380 0.84143223      7214
TCPConnectScan  0.84278351 0.99644490 0.91319525      1969
      UDPFlood  0.83932091 0.81840617 0.82873160     45789
       UDPScan  0.24289560 0.99631902 0.39057239      1630

      accuracy                      0.81808910    121587
     macro avg  0.66943270 0.90886991 0.69949170    121587
  weighted avg  0.87371768 0.81808910 0.83835809    121587


Confusion Matrix:
[[36356,   310,  2758,   508,     0,   387,   216,  7165,   121],
 [    0, 13148,     0,   313,     0,   553,     0,     0,     0],
 [    0,     0,   122,     0,     0,     0,     0,     0,     0],
 [    0,     0,     0,   880,     2,     0,   129,     9,     0],
 [    0,     0,     5,     6,  1981,     0,    14,     0,     2],
 [    0,   250,     0,  1020,     0,  5922,     5,     0,    17],
 [    0,     0,     4,     3,     0,     0,  1962,     0,     0],
 [ 3393,     0,     0,     0,     0,     0,     0, 37474,  4922],
 [    0,     0,     0,     4,     0,     0,     2,     0,  1624]]

