==========================================================================================
Experiment Run: 2026-02-03 07:44:40
==========================================================================================
Accuracy: 0.98206223
Precision: 0.98206343
Recall: 0.98206223
F1 Score: 0.98206232
Training Time: 40.3344 seconds
Prediction Time: 0.0061 seconds
Latency per sample: 0.00000005 seconds

Classification Report: 
                precision    recall  f1-score   support

        Benign  0.97947472 0.97793856 0.97870604     47821
     HTTPFlood  0.99507635 0.99507635 0.99507635     14014
     ICMPFlood  1.00000000 1.00000000 1.00000000       122
      SYNFlood  0.99608993 0.99901961 0.99755262      1020
       SYNScan  0.99800399 0.99601594 0.99700897      2008
   SlowrateDoS  0.99030202 0.99085112 0.99057650      7214
TCPConnectScan  0.99746193 0.99796851 0.99771516      1969
      UDPFlood  0.97719195 0.97872852 0.97795963     45789
       UDPScan  0.99815838 0.99754601 0.99785210      1630

      accuracy                      0.98206223    121587
     macro avg  0.99241770 0.99257162 0.99249415    121587
  weighted avg  0.98206343 0.98206223 0.98206232    121587


Confusion Matrix:
[[46766,     5,     0,     1,     0,     5,     0,  1044,     0],
 [    4, 13945,     0,     0,     0,    65,     0,     0,     0],
 [    0,     0,   122,     0,     0,     0,     0,     0,     0],
 [    0,     0,     0,  1019,     1,     0,     0,     0,     0],
 [    0,     0,     0,     3,  2000,     0,     4,     0,     1],
 [    0,    64,     0,     0,     0,  7148,     0,     2,     0],
 [    0,     0,     0,     0,     2,     0,  1965,     0,     2],
 [  974,     0,     0,     0,     0,     0,     0, 44815,     0],
 [    2,     0,     0,     0,     1,     0,     1,     0,  1626]]

