==========================================================================================
Experiment Run: 2026-02-03 07:46:28
==========================================================================================
Accuracy: 0.97542500
Precision: 0.97614674
Recall: 0.97542500
F1 Score: 0.97542143
Training Time: 107.9695 seconds
Prediction Time: 0.0456 seconds
Latency per sample: 0.00000038 seconds

Classification Report: 
                precision    recall  f1-score   support

        Benign  0.99103727 0.94801447 0.96904859     47821
     HTTPFlood  0.99700364 0.99721707 0.99711034     14014
     ICMPFlood  0.98387097 1.00000000 0.99186992       122
      SYNFlood  0.99512195 1.00000000 0.99755501      1020
       SYNScan  0.99551570 0.99501992 0.99526775      2008
   SlowrateDoS  0.99390835 0.99514832 0.99452795      7214
TCPConnectScan  0.99847561 0.99796851 0.99822200      1969
      UDPFlood  0.94839910 0.99104588 0.96925361     45789
       UDPScan  0.99754601 0.99754601 0.99754601      1630

      accuracy                      0.97542500    121587
     macro avg  0.98898651 0.99132891 0.99004457    121587
  weighted avg  0.97614674 0.97542500 0.97542143    121587


Confusion Matrix:
[[45335,     7,     0,     1,     1,     5,     2,  2469,     1],
 [    0, 13975,     0,     0,     0,    39,     0,     0,     0],
 [    0,     0,   122,     0,     0,     0,     0,     0,     0],
 [    0,     0,     0,  1020,     0,     0,     0,     0,     0],
 [    0,     0,     2,     4,  1998,     0,     1,     0,     3],
 [    0,    35,     0,     0,     0,  7179,     0,     0,     0],
 [    0,     0,     0,     0,     4,     0,  1965,     0,     0],
 [  410,     0,     0,     0,     0,     0,     0, 45379,     0],
 [    0,     0,     0,     0,     4,     0,     0,     0,  1626]]

