==========================================================================================
Experiment Run: 2026-02-03 07:35:35
==========================================================================================
Accuracy: 0.98253103
Precision: 0.98253237
Recall: 0.98253103
F1 Score: 0.98253124
Training Time: 49.1779 seconds
Prediction Time: 0.0908 seconds
Latency per sample: 0.00000075 seconds

Classification Report: 
                precision    recall  f1-score   support

        Benign  0.97962389 0.97821041 0.97891664     47821
     HTTPFlood  0.99671593 0.99621807 0.99646694     14014
     ICMPFlood  1.00000000 1.00000000 1.00000000       122
      SYNFlood  0.99804305 1.00000000 0.99902057      1020
       SYNScan  0.99850299 0.99651394 0.99750748      2008
   SlowrateDoS  0.99266334 0.99403937 0.99335088      7214
TCPConnectScan  0.99796851 0.99796851 0.99796851      1969
      UDPFlood  0.97734211 0.97877219 0.97805663     45789
       UDPScan  0.99754752 0.99815951 0.99785342      1630

      accuracy                      0.98253103    121587
     macro avg  0.99315637 0.99332022 0.99323790    121587
  weighted avg  0.98253237 0.98253103 0.98253124    121587


Confusion Matrix:
[[46779,     3,     0,     0,     0,     0,     0,  1039,     0],
 [    0, 13961,     0,     0,     0,    53,     0,     0,     0],
 [    0,     0,   122,     0,     0,     0,     0,     0,     0],
 [    0,     0,     0,  1020,     0,     0,     0,     0,     0],
 [    0,     0,     0,     2,  2001,     0,     3,     0,     2],
 [    0,    43,     0,     0,     0,  7171,     0,     0,     0],
 [    0,     0,     0,     0,     2,     0,  1965,     0,     2],
 [  972,     0,     0,     0,     0,     0,     0, 44817,     0],
 [    1,     0,     0,     0,     1,     0,     1,     0,  1627]]

