==========================================================================================
Experiment Run: 2026-02-03 07:34:45
==========================================================================================
Accuracy: 0.88599110
Precision: 0.91907603
Recall: 0.88599110
F1 Score: 0.89794588
Training Time: 29.5882 seconds
Prediction Time: 0.0033 seconds
Latency per sample: 0.00000003 seconds

Classification Report: 
                precision    recall  f1-score   support

        Benign  0.94512236 0.88594969 0.91457992     47821
     HTTPFlood  0.94605182 0.98230341 0.96383686     14014
     ICMPFlood  0.20573356 1.00000000 0.34125874       122
      SYNFlood  0.78710247 0.87352941 0.82806691      1020
       SYNScan  0.99531738 0.95268924 0.97353690      2008
   SlowrateDoS  0.92521546 0.92265040 0.92393115      7214
TCPConnectScan  0.81242236 0.99644490 0.89507299      1969
      UDPFlood  0.91302695 0.83910983 0.87450922     45789
       UDPScan  0.23664678 0.99754601 0.38254323      1630

      accuracy                      0.88599110    121587
     macro avg  0.75184879 0.93891365 0.78859288    121587
  weighted avg  0.91907603 0.88599110 0.89794588    121587


Confusion Matrix:
[[42367,   390,   466,    84,     6,   294,   241,  3660,   313],
 [    1, 13766,     0,     3,     0,   244,     0,     0,     0],
 [    0,     0,   122,     0,     0,     0,     0,     0,     0],
 [    0,     0,     0,   891,     0,     0,   129,     0,     0],
 [    0,     0,     4,     6,  1913,     0,    83,     0,     2],
 [    0,   395,     0,   141,     0,  6656,     0,     0,    22],
 [    0,     0,     1,     3,     3,     0,  1962,     0,     0],
 [ 2459,     0,     0,     0,     0,     0,     0, 38422,  4908],
 [    0,     0,     0,     4,     0,     0,     0,     0,  1626]]

