==========================================================================================
Experiment Run: 2026-02-03 07:55:37
==========================================================================================
Accuracy: 0.98289291
Precision: 0.98289634
Recall: 0.98289291
F1 Score: 0.98289314
Training Time: 503.3917 seconds
Prediction Time: 44.7560 seconds
Latency per sample: 0.00036810 seconds

Classification Report: 
                precision    recall  f1-score   support

        Benign  0.98068737 0.97798039 0.97933201     47821
     HTTPFlood  0.99657485 0.99657485 0.99657485     14014
     ICMPFlood  1.00000000 1.00000000 1.00000000       122
      SYNFlood  0.99804305 1.00000000 0.99902057      1020
       SYNScan  0.99750748 0.99651394 0.99701046      2008
   SlowrateDoS  0.99334904 0.99376213 0.99355554      7214
TCPConnectScan  0.99847561 0.99796851 0.99822200      1969
      UDPFlood  0.97715493 0.97990784 0.97852945     45789
       UDPScan  0.99754752 0.99815951 0.99785342      1630

      accuracy                      0.98289291    121587
     macro avg  0.99325998 0.99342969 0.99334426    121587
  weighted avg  0.98289634 0.98289291 0.98289314    121587


Confusion Matrix:
[[46768,     3,     0,     0,     1,     0,     0,  1049,     0],
 [    0, 13966,     0,     0,     0,    48,     0,     0,     0],
 [    0,     0,   122,     0,     0,     0,     0,     0,     0],
 [    0,     0,     0,  1020,     0,     0,     0,     0,     0],
 [    0,     0,     0,     2,  2001,     0,     3,     0,     2],
 [    0,    45,     0,     0,     0,  7169,     0,     0,     0],
 [    0,     0,     0,     0,     2,     0,  1965,     0,     2],
 [  920,     0,     0,     0,     0,     0,     0, 44869,     0],
 [    1,     0,     0,     0,     2,     0,     0,     0,  1627]]

