==========================================================================================
Experiment Run: 2026-01-25 21:50:12
==========================================================================================
Accuracy: 0.80451035
Precision: 0.83649626
Recall: 0.80451035
F1 Score: 0.80120180
Training Time: 0.1737 seconds
Prediction Time: 0.0027 seconds
Latency per sample: 0.00000002 seconds

Classification Report: 
                precision    recall  f1-score   support

        Benign  0.91261557 0.76786349 0.83400525     47821
     HTTPFlood  0.92939626 0.85571571 0.89103541     14014
     ICMPFlood  0.04046434 1.00000000 0.07778132       122
      SYNFlood  0.34796362 0.86274510 0.49591434      1020
       SYNScan  1.00000000 0.06573705 0.12336449      2008
   SlowrateDoS  0.54553475 0.77141669 0.63910422      7214
TCPConnectScan  0.09375000 0.00152362 0.00299850      1969
      UDPFlood  0.80662889 0.92321300 0.86099230     45789
       UDPScan  0.99242424 0.08036810 0.14869467      1630

      accuracy                      0.80451035    121587
     macro avg  0.62986419 0.59206475 0.45265450    121587
  weighted avg  0.83649626 0.80451035 0.80120180    121587


Confusion Matrix:
[[36720,   541,  2888,   113,     0,  2876,    28,  4655,     0],
 [    0, 11992,     0,   262,     0,  1760,     0,     0,     0],
 [    0,     0,   122,     0,     0,     0,     0,     0,     0],
 [    0,     0,     0,   880,     0,     0,     0,   140,     0],
 [    0,     0,     4,     6,   132,     0,     1,  1864,     1],
 [    0,   370,     0,  1257,     0,  5565,     0,    22,     0],
 [    0,     0,     1,     7,     0,     0,     3,  1958,     0],
 [ 3516,     0,     0,     0,     0,     0,     0, 42273,     0],
 [    0,     0,     0,     4,     0,     0,     0,  1495,   131]]

