==========================================================================================
Experiment Run: 2026-01-25 21:02:06
==========================================================================================
Accuracy: 0.97685608
Precision: 0.97686113
Recall: 0.97685608
F1 Score: 0.97685816
Training Time: 9.5914 seconds
Prediction Time: 0.1088 seconds
Latency per sample: 0.00000089 seconds

Classification Report: 
                precision    recall  f1-score   support

        Benign  0.97409467 0.97423726 0.97416596     47821
     HTTPFlood  0.99672201 0.99807336 0.99739723     14014
     ICMPFlood  1.00000000 1.00000000 1.00000000       122
      SYNFlood  0.87087379 0.87941176 0.87512195      1020
       SYNScan  0.99700748 0.99551793 0.99626215      2008
   SlowrateDoS  0.99610895 0.99362351 0.99486468      7214
TCPConnectScan  0.93619193 0.93143728 0.93380855      1969
      UDPFlood  0.97311112 0.97294110 0.97302610     45789
       UDPScan  0.99632578 0.99815951 0.99724180      1630

      accuracy                      0.97685608    121587
     macro avg  0.97115953 0.97148908 0.97132094    121587
  weighted avg  0.97686113 0.97685608 0.97685816    121587


Confusion Matrix:
[[46589,     0,     0,     0,     0,     1,     0,  1231,     0],
 [    0, 13987,     0,     0,     0,    27,     0,     0,     0],
 [    0,     0,   122,     0,     0,     0,     0,     0,     0],
 [    0,     0,     0,   897,     0,     0,   123,     0,     0],
 [    0,     0,     0,     3,  1999,     0,     2,     0,     4],
 [    0,    46,     0,     0,     0,  7168,     0,     0,     0],
 [    0,     0,     0,   130,     3,     0,  1834,     0,     2],
 [ 1239,     0,     0,     0,     0,     0,     0, 44550,     0],
 [    0,     0,     0,     0,     3,     0,     0,     0,  1627]]

