==========================================================================================
Experiment Run: 2026-01-25 21:47:09
==========================================================================================
Accuracy: 0.95205902
Precision: 0.95528960
Recall: 0.95205902
F1 Score: 0.95315458
Training Time: 164.4988 seconds
Prediction Time: 0.4611 seconds
Latency per sample: 0.00000379 seconds

Classification Report: 
                precision    recall  f1-score   support

        Benign  0.96121333 0.92969616 0.94519208     47821
     HTTPFlood  0.95423592 0.92992722 0.94192476     14014
     ICMPFlood  0.20401338 1.00000000 0.33888889       122
      SYNFlood  0.92932489 0.86372549 0.89532520      1020
       SYNScan  0.99850000 0.99452191 0.99650699      2008
   SlowrateDoS  0.93880577 0.96548378 0.95195790      7214
TCPConnectScan  0.87060916 0.99441341 0.92840209      1969
      UDPFlood  0.95477934 0.97663194 0.96558202     45789
       UDPScan  0.99938499 0.99693252 0.99815725      1630

      accuracy                      0.95205902    121587
     macro avg  0.86787409 0.96125916 0.88465969    121587
  weighted avg  0.95528960 0.95205902 0.95315458    121587


Confusion Matrix:
[[44459,   408,   471,    58,     1,   144,   162,  2118,     0],
 [  677, 13032,     0,     0,     0,   305,     0,     0,     0],
 [    0,     0,   122,     0,     0,     0,     0,     0,     0],
 [    8,     0,     0,   881,     0,     1,   129,     0,     1],
 [    3,     0,     4,     4,  1997,     0,     0,     0,     0],
 [   32,   217,     0,     0,     0,  6965,     0,     0,     0],
 [    3,     0,     1,     3,     0,     4,  1958,     0,     0],
 [ 1070,     0,     0,     0,     0,     0,     0, 44719,     0],
 [    1,     0,     0,     2,     2,     0,     0,     0,  1625]]

