==========================================================================================
Experiment Run: 2026-01-25 21:57:10
==========================================================================================
Accuracy: 0.97940569
Precision: 0.97946454
Recall: 0.97940569
F1 Score: 0.97938985
Training Time: 416.8767 seconds
Prediction Time: 0.1988 seconds
Latency per sample: 0.00000164 seconds

Classification Report: 
                precision    recall  f1-score   support

        Benign  0.97807874 0.97406997 0.97607024     47821
     HTTPFlood  0.99693361 0.99757385 0.99725363     14014
     ICMPFlood  0.99186992 1.00000000 0.99591837       122
      SYNFlood  0.99115044 0.87843137 0.93139293      1020
       SYNScan  0.99700748 0.99551793 0.99626215      2008
   SlowrateDoS  0.99500555 0.99417799 0.99459160      7214
TCPConnectScan  0.93869732 0.99542915 0.96623121      1969
      UDPFlood  0.97311992 0.97722160 0.97516645     45789
       UDPScan  0.99877225 0.99815951 0.99846579      1630

      accuracy                      0.97940569    121587
     macro avg  0.98451503 0.97895349 0.98126137    121587
  weighted avg  0.97946454 0.97940569 0.97938985    121587


Confusion Matrix:
[[46581,     1,     0,     0,     0,     2,     1,  1236,     0],
 [    0, 13980,     0,     0,     0,    34,     0,     0,     0],
 [    0,     0,   122,     0,     0,     0,     0,     0,     0],
 [    0,     0,     0,   896,     0,     0,   124,     0,     0],
 [    1,     0,     0,     3,  1999,     0,     3,     0,     2],
 [    0,    42,     0,     0,     0,  7172,     0,     0,     0],
 [    0,     0,     1,     4,     4,     0,  1960,     0,     0],
 [ 1043,     0,     0,     0,     0,     0,     0, 44746,     0],
 [    0,     0,     0,     1,     2,     0,     0,     0,  1627]]

