==========================================================================================
Experiment Run: 2026-01-26 17:48:32
==========================================================================================
Accuracy: 0.74970186
Precision: 0.83910830
Recall: 0.74970186
F1 Score: 0.73049971
Training Time: 0.0754 seconds
Prediction Time: 0.0177 seconds
Latency per sample: 0.00000015 seconds

Classification Report: 
                precision    recall  f1-score   support

        Benign  0.99655975 0.41191109 0.58289316     47821
     HTTPFlood  0.95550921 0.98080491 0.96799183     14014
     ICMPFlood  1.00000000 1.00000000 1.00000000       122
      SYNFlood  0.99603960 0.98627451 0.99113300      1020
       SYNScan  1.00000000 0.99103586 0.99549775      2008
   SlowrateDoS  0.95924628 0.91031328 0.93413940      7214
TCPConnectScan  0.99488229 0.98730320 0.99107826      1969
      UDPFlood  0.61285565 0.97095372 0.75142183     45789
       UDPScan  0.54646465 0.99570552 0.70565217      1630

      accuracy                      0.74970186    121587
     macro avg  0.89572860 0.91492245 0.87997860    121587
  weighted avg  0.83910830 0.74970186 0.73049971    121587


Confusion Matrix:
[[19698,    11,     0,     1,     0,     6,    10, 28085,    10],
 [    0, 13745,     0,     0,     0,   269,     0,     0,     0],
 [    0,     0,   122,     0,     0,     0,     0,     0,     0],
 [   12,     0,     0,  1006,     0,     0,     0,     0,     2],
 [    7,     4,     0,     2,  1990,     0,     0,     0,     5],
 [   22,   625,     0,     0,     0,  6567,     0,     0,     0],
 [   21,     0,     0,     0,     0,     4,  1944,     0,     0],
 [    0,     0,     0,     0,     0,     0,     0, 44459,  1330],
 [    6,     0,     0,     1,     0,     0,     0,     0,  1623]]

