==========================================================================================
Experiment Run: 2026-01-26 17:54:09
==========================================================================================
Accuracy: 0.97520294
Precision: 0.97651382
Recall: 0.97520294
F1 Score: 0.97519330
Training Time: 71.7765 seconds
Prediction Time: 0.0237 seconds
Latency per sample: 0.00000019 seconds

Classification Report: 
                precision    recall  f1-score   support

        Benign  0.99902270 0.94054913 0.96890449     47821
     HTTPFlood  0.99635506 0.99479092 0.99557238     14014
     ICMPFlood  1.00000000 1.00000000 1.00000000       122
      SYNFlood  0.99609375 1.00000000 0.99804305      1020
       SYNScan  0.99650699 0.99452191 0.99551346      2008
   SlowrateDoS  0.98938078 0.99445523 0.99191151      7214
TCPConnectScan  0.99796954 0.99847638 0.99822290      1969
      UDPFlood  0.94185951 0.99910459 0.96963788     45789
       UDPScan  0.99754601 0.99754601 0.99754601      1630

      accuracy                      0.97520294    121587
     macro avg  0.99052604 0.99104935 0.99059463    121587
  weighted avg  0.97651382 0.97520294 0.97519330    121587


Confusion Matrix:
[[44978,    11,     0,     0,     1,     7,     0,  2824,     0],
 [    3, 13941,     0,     0,     0,    70,     0,     0,     0],
 [    0,     0,   122,     0,     0,     0,     0,     0,     0],
 [    0,     0,     0,  1020,     0,     0,     0,     0,     0],
 [    0,     0,     0,     4,  1997,     0,     4,     0,     3],
 [    0,    40,     0,     0,     0,  7174,     0,     0,     0],
 [    0,     0,     0,     0,     2,     0,  1966,     0,     1],
 [   41,     0,     0,     0,     0,     0,     0, 45748,     0],
 [    0,     0,     0,     0,     4,     0,     0,     0,  1626]]

==========================================================================================
Experiment Run: 2026-01-26 21:17:18
==========================================================================================
Accuracy: 0.97440516
Precision: 0.97524550
Recall: 0.97440516
F1 Score: 0.97439429
Training Time: 11.6872 seconds
Prediction Time: 0.0310 seconds
Latency per sample: 0.00000025 seconds

Classification Report: 
                precision    recall  f1-score   support

        Benign  0.99244985 0.94556785 0.96844179     47821
     HTTPFlood  0.99484979 0.99243614 0.99364149     14014
     ICMPFlood  0.97600000 1.00000000 0.98785425       122
      SYNFlood  0.99608993 0.99901961 0.99755262      1020
       SYNScan  0.99949900 0.99352590 0.99650350      2008
   SlowrateDoS  0.98172826 0.99057388 0.98613124      7214
TCPConnectScan  0.99949135 0.99796851 0.99872935      1969
      UDPFlood  0.94701987 0.99312062 0.96952253     45789
       UDPScan  0.99389499 0.99877301 0.99632803      1630

      accuracy                      0.97440516    121587
     macro avg  0.98678034 0.99010950 0.98830053    121587
  weighted avg  0.97524550 0.97440516 0.97439429    121587


Confusion Matrix:
[[45218,    28,     0,     0,     0,    30,     0,  2544,     1],
 [    3, 13908,     0,     0,     0,   103,     0,     0,     0],
 [    0,     0,   122,     0,     0,     0,     0,     0,     0],
 [    0,     0,     0,  1019,     0,     0,     1,     0,     0],
 [    0,     0,     2,     4,  1995,     0,     0,     0,     7],
 [   24,    44,     0,     0,     0,  7146,     0,     0,     0],
 [    0,     0,     1,     0,     1,     0,  1965,     0,     2],
 [  315,     0,     0,     0,     0,     0,     0, 45474,     0],
 [    2,     0,     0,     0,     0,     0,     0,     0,  1628]]

==========================================================================================
Experiment Run: 2026-01-26 21:20:10
==========================================================================================
Accuracy: 0.97908494
Precision: 0.97988194
Recall: 0.97908494
F1 Score: 0.97907327
Training Time: 155.3921 seconds
Prediction Time: 0.0291 seconds
Latency per sample: 0.00000024 seconds

Classification Report: 
                precision    recall  f1-score   support

        Benign  0.99785140 0.95173668 0.97424865     47821
     HTTPFlood  0.99254367 0.99735978 0.99494590     14014
     ICMPFlood  0.97600000 1.00000000 0.98785425       122
      SYNFlood  0.99609375 1.00000000 0.99804305      1020
       SYNScan  0.99650873 0.99501992 0.99576377      2008
   SlowrateDoS  0.98999861 0.98794012 0.98896829      7214
TCPConnectScan  1.00000000 0.99796851 0.99898322      1969
      UDPFlood  0.95309404 0.99801262 0.97503627     45789
       UDPScan  0.99693063 0.99631902 0.99662473      1630

      accuracy                      0.97908494    121587
     macro avg  0.98878009 0.99159518 0.99005202    121587
  weighted avg  0.97988194 0.97908494 0.97907327    121587


Confusion Matrix:
[[45513,    20,     0,     0,     1,    38,     0,  2249,     0],
 [    3, 13977,     0,     0,     0,    34,     0,     0,     0],
 [    0,     0,   122,     0,     0,     0,     0,     0,     0],
 [    0,     0,     0,  1020,     0,     0,     0,     0,     0],
 [    0,     0,     2,     4,  1998,     0,     0,     0,     4],
 [    2,    85,     0,     0,     0,  7127,     0,     0,     0],
 [    0,     0,     1,     0,     2,     0,  1965,     0,     1],
 [   91,     0,     0,     0,     0,     0,     0, 45698,     0],
 [    2,     0,     0,     0,     4,     0,     0,     0,  1624]]

==========================================================================================
Experiment Run: 2026-01-26 21:24:50
==========================================================================================
Accuracy: 0.97458610
Precision: 0.97578120
Recall: 0.97458610
F1 Score: 0.97457087
Training Time: 161.5950 seconds
Prediction Time: 0.0410 seconds
Latency per sample: 0.00000034 seconds

Classification Report: 
                precision    recall  f1-score   support

        Benign  0.99720844 0.94121829 0.96840475     47821
     HTTPFlood  0.99584795 0.99265021 0.99424651     14014
     ICMPFlood  0.96062992 1.00000000 0.97991968       122
      SYNFlood  0.99512195 1.00000000 0.99755501      1020
       SYNScan  0.99650873 0.99501992 0.99576377      2008
   SlowrateDoS  0.98173077 0.99071250 0.98620119      7214
TCPConnectScan  1.00000000 0.99695277 0.99847406      1969
      UDPFlood  0.94316493 0.99809998 0.96985516     45789
       UDPScan  0.99876999 0.99631902 0.99754300      1630

      accuracy                      0.97458610    121587
     macro avg  0.98544252 0.99010808 0.98755146    121587
  weighted avg  0.97578120 0.97458610 0.97457087    121587


Confusion Matrix:
[[45010,    22,     0,     0,     1,    34,     0,  2754,     0],
 [    4, 13911,     0,     0,     0,    99,     0,     0,     0],
 [    0,     0,   122,     0,     0,     0,     0,     0,     0],
 [    0,     0,     0,  1020,     0,     0,     0,     0,     0],
 [    0,     0,     4,     4,  1998,     0,     0,     0,     2],
 [   31,    36,     0,     0,     0,  7147,     0,     0,     0],
 [    2,     0,     1,     0,     3,     0,  1963,     0,     0],
 [   87,     0,     0,     0,     0,     0,     0, 45702,     0],
 [    2,     0,     0,     1,     3,     0,     0,     0,  1624]]

==========================================================================================
Experiment Run: 2026-01-26 21:28:45
==========================================================================================
Accuracy: 0.98232541
Precision: 0.98264652
Recall: 0.98232541
F1 Score: 0.98232349
Training Time: 211.7090 seconds
Prediction Time: 0.0429 seconds
Latency per sample: 0.00000035 seconds

Classification Report: 
                precision    recall  f1-score   support

        Benign  0.99300278 0.96447168 0.97852930     47821
     HTTPFlood  0.99409337 0.99678893 0.99543932     14014
     ICMPFlood  0.97600000 1.00000000 0.98785425       122
      SYNFlood  0.99609375 1.00000000 0.99804305      1020
       SYNScan  0.99551793 0.99551793 0.99551793      2008
   SlowrateDoS  0.99331662 0.98891045 0.99110864      7214
TCPConnectScan  0.99949109 0.99746064 0.99847483      1969
      UDPFlood  0.96452352 0.99336085 0.97872981     45789
       UDPScan  0.99815498 0.99570552 0.99692875      1630

      accuracy                      0.98232541    121587
     macro avg  0.99002156 0.99246844 0.99118065    121587
  weighted avg  0.98264652 0.98232541 0.98232349    121587


Confusion Matrix:
[[46122,    21,     0,     0,     1,     4,     0,  1673,     0],
 [    1, 13969,     0,     0,     0,    44,     0,     0,     0],
 [    0,     0,   122,     0,     0,     0,     0,     0,     0],
 [    0,     0,     0,  1020,     0,     0,     0,     0,     0],
 [    0,     0,     2,     4,  1999,     0,     1,     0,     2],
 [   18,    62,     0,     0,     0,  7134,     0,     0,     0],
 [    0,     0,     1,     0,     3,     0,  1964,     0,     1],
 [  304,     0,     0,     0,     0,     0,     0, 45485,     0],
 [    2,     0,     0,     0,     5,     0,     0,     0,  1623]]

==========================================================================================
Experiment Run: 2026-01-26 21:33:52
==========================================================================================
Accuracy: 0.98234186
Precision: 0.98274976
Recall: 0.98234186
F1 Score: 0.98234027
Training Time: 239.5473 seconds
Prediction Time: 0.0377 seconds
Latency per sample: 0.00000031 seconds

Classification Report: 
                precision    recall  f1-score   support

        Benign  0.99474924 0.96267330 0.97844846     47821
     HTTPFlood  0.99458959 0.99693164 0.99575924     14014
     ICMPFlood  0.97600000 1.00000000 0.98785425       122
      SYNFlood  0.99608993 0.99901961 0.99755262      1020
       SYNScan  0.99651047 0.99551793 0.99601395      2008
   SlowrateDoS  0.99373346 0.98918769 0.99145537      7214
TCPConnectScan  0.99847638 0.99847638 0.99847638      1969
      UDPFlood  0.96269067 0.99517351 0.97866263     45789
       UDPScan  1.00000000 0.99570552 0.99784814      1630

      accuracy                      0.98234186    121587
     macro avg  0.99031553 0.99252062 0.99134123    121587
  weighted avg  0.98274976 0.98234186 0.98234027    121587


Confusion Matrix:
[[46036,    15,     0,     0,     1,     3,     0,  1766,     0],
 [    1, 13971,     0,     0,     0,    42,     0,     0,     0],
 [    0,     0,   122,     0,     0,     0,     0,     0,     0],
 [    1,     0,     0,  1019,     0,     0,     0,     0,     0],
 [    0,     0,     2,     4,  1999,     0,     3,     0,     0],
 [   17,    61,     0,     0,     0,  7136,     0,     0,     0],
 [    1,     0,     1,     0,     1,     0,  1966,     0,     0],
 [  221,     0,     0,     0,     0,     0,     0, 45568,     0],
 [    2,     0,     0,     0,     5,     0,     0,     0,  1623]]

==========================================================================================
Experiment Run: 2026-01-26 21:39:44
==========================================================================================
Accuracy: 0.97102486
Precision: 0.97120020
Recall: 0.97102486
F1 Score: 0.97101437
Training Time: 259.6190 seconds
Prediction Time: 0.0546 seconds
Latency per sample: 0.00000045 seconds

Classification Report: 
                precision    recall  f1-score   support

        Benign  0.97568025 0.95303319 0.96422375     47821
     HTTPFlood  0.99315752 0.99429142 0.99372415     14014
     ICMPFlood  0.97600000 1.00000000 0.98785425       122
      SYNFlood  0.98646035 1.00000000 0.99318403      1020
       SYNScan  0.99601196 0.99501992 0.99551570      2008
   SlowrateDoS  0.98637490 0.99348489 0.98991713      7214
TCPConnectScan  0.99594526 0.99796851 0.99695586      1969
      UDPFlood  0.95392404 0.97527791 0.96448279     45789
       UDPScan  0.99877150 0.99754601 0.99815838      1630

      accuracy                      0.97102486    121587
     macro avg  0.98470286 0.98962465 0.98711289    121587
  weighted avg  0.97120020 0.97102486 0.97101437    121587


Confusion Matrix:
[[45575,    52,     0,    10,     1,    20,     6,  2157,     0],
 [    1, 13934,     0,     0,     0,    79,     0,     0,     0],
 [    0,     0,   122,     0,     0,     0,     0,     0,     0],
 [    0,     0,     0,  1020,     0,     0,     0,     0,     0],
 [    0,     0,     2,     4,  1998,     0,     2,     0,     2],
 [    3,    44,     0,     0,     0,  7167,     0,     0,     0],
 [    0,     0,     1,     0,     3,     0,  1965,     0,     0],
 [ 1132,     0,     0,     0,     0,     0,     0, 44657,     0],
 [    0,     0,     0,     0,     4,     0,     0,     0,  1626]]

==========================================================================================
Experiment Run: 2026-01-26 21:42:42
==========================================================================================
Accuracy: 0.97387056
Precision: 0.97467478
Recall: 0.97387056
F1 Score: 0.97385881
Training Time: 121.5217 seconds
Prediction Time: 0.0376 seconds
Latency per sample: 0.00000031 seconds

Classification Report: 
                precision    recall  f1-score   support

        Benign  0.99140294 0.94529600 0.96780064     47821
     HTTPFlood  0.99091877 0.99664621 0.99377424     14014
     ICMPFlood  0.98387097 1.00000000 0.99186992       122
      SYNFlood  0.99609375 1.00000000 0.99804305      1020
       SYNScan  0.99502240 0.99551793 0.99527010      2008
   SlowrateDoS  0.99024934 0.98544497 0.98784131      7214
TCPConnectScan  0.99796851 0.99796851 0.99796851      1969
      UDPFlood  0.94648181 0.99146083 0.96844935     45789
       UDPScan  1.00000000 0.99693252 0.99846390      1630

      accuracy                      0.97387056    121587
     macro avg  0.98800094 0.98991855 0.98883122    121587
  weighted avg  0.97467478 0.97387056 0.97385881    121587


Confusion Matrix:
[[45205,    23,     0,     0,     1,    24,     1,  2567,     0],
 [    1, 13967,     0,     0,     0,    46,     0,     0,     0],
 [    0,     0,   122,     0,     0,     0,     0,     0,     0],
 [    0,     0,     0,  1020,     0,     0,     0,     0,     0],
 [    0,     0,     2,     4,  1999,     0,     3,     0,     0],
 [    0,   105,     0,     0,     0,  7109,     0,     0,     0],
 [    0,     0,     0,     0,     4,     0,  1965,     0,     0],
 [  391,     0,     0,     0,     0,     0,     0, 45398,     0],
 [    0,     0,     0,     0,     5,     0,     0,     0,  1625]]

==========================================================================================
Experiment Run: 2026-01-26 21:45:49
==========================================================================================
Accuracy: 0.97484928
Precision: 0.97557921
Recall: 0.97484928
F1 Score: 0.97483663
Training Time: 137.1800 seconds
Prediction Time: 0.0397 seconds
Latency per sample: 0.00000033 seconds

Classification Report: 
                precision    recall  f1-score   support

        Benign  0.99133214 0.94707346 0.96869753     47821
     HTTPFlood  0.99550353 0.99529042 0.99539697     14014
     ICMPFlood  0.98387097 1.00000000 0.99186992       122
      SYNFlood  0.99512195 1.00000000 0.99755501      1020
       SYNScan  0.99601990 0.99701195 0.99651568      2008
   SlowrateDoS  0.98379566 0.99306903 0.98841060      7214
TCPConnectScan  0.99898271 0.99746064 0.99822109      1969
      UDPFlood  0.94859256 0.99135163 0.96950086     45789
       UDPScan  0.99754601 0.99754601 0.99754601      1630

      accuracy                      0.97484928    121587
     macro avg  0.98786283 0.99097813 0.98930152    121587
  weighted avg  0.97557921 0.97484928 0.97483663    121587


Confusion Matrix:
[[45290,    13,     0,     1,     1,    52,     2,  2460,     2],
 [    0, 13948,     0,     0,     0,    66,     0,     0,     0],
 [    0,     0,   122,     0,     0,     0,     0,     0,     0],
 [    0,     0,     0,  1020,     0,     0,     0,     0,     0],
 [    0,     0,     2,     4,  2002,     0,     0,     0,     0],
 [    0,    50,     0,     0,     0,  7164,     0,     0,     0],
 [    0,     0,     0,     0,     3,     0,  1964,     0,     2],
 [  396,     0,     0,     0,     0,     0,     0, 45393,     0],
 [    0,     0,     0,     0,     4,     0,     0,     0,  1626]]

==========================================================================================
Experiment Run: 2026-01-26 21:50:19
==========================================================================================
Accuracy: 0.98234186
Precision: 0.98274976
Recall: 0.98234186
F1 Score: 0.98234027
Training Time: 234.2853 seconds
Prediction Time: 0.0384 seconds
Latency per sample: 0.00000032 seconds

Classification Report: 
                precision    recall  f1-score   support

        Benign  0.99474924 0.96267330 0.97844846     47821
     HTTPFlood  0.99458959 0.99693164 0.99575924     14014
     ICMPFlood  0.97600000 1.00000000 0.98785425       122
      SYNFlood  0.99608993 0.99901961 0.99755262      1020
       SYNScan  0.99651047 0.99551793 0.99601395      2008
   SlowrateDoS  0.99373346 0.98918769 0.99145537      7214
TCPConnectScan  0.99847638 0.99847638 0.99847638      1969
      UDPFlood  0.96269067 0.99517351 0.97866263     45789
       UDPScan  1.00000000 0.99570552 0.99784814      1630

      accuracy                      0.98234186    121587
     macro avg  0.99031553 0.99252062 0.99134123    121587
  weighted avg  0.98274976 0.98234186 0.98234027    121587


Confusion Matrix:
[[46036,    15,     0,     0,     1,     3,     0,  1766,     0],
 [    1, 13971,     0,     0,     0,    42,     0,     0,     0],
 [    0,     0,   122,     0,     0,     0,     0,     0,     0],
 [    1,     0,     0,  1019,     0,     0,     0,     0,     0],
 [    0,     0,     2,     4,  1999,     0,     3,     0,     0],
 [   17,    61,     0,     0,     0,  7136,     0,     0,     0],
 [    1,     0,     1,     0,     1,     0,  1966,     0,     0],
 [  221,     0,     0,     0,     0,     0,     0, 45568,     0],
 [    2,     0,     0,     0,     5,     0,     0,     0,  1623]]

