==========================================================================================
Experiment Run: 2026-01-26 17:54:10
==========================================================================================
Accuracy: 0.91098555
Precision: 0.91918881
Recall: 0.91098555
F1 Score: 0.91374368
Training Time: 0.3071 seconds
Prediction Time: 0.0040 seconds
Latency per sample: 0.00000003 seconds

Classification Report: 
                precision    recall  f1-score   support

        Benign  0.94886914 0.90186320 0.92476923     47821
     HTTPFlood  0.86898899 0.85621521 0.86255481     14014
     ICMPFlood  0.20573356 1.00000000 0.34125874       122
      SYNFlood  0.90071648 0.86274510 0.88132198      1020
       SYNScan  0.98223976 0.99153386 0.98686493      2008
   SlowrateDoS  0.63787519 0.81896313 0.71716436      7214
TCPConnectScan  0.87584345 0.98882682 0.92891221      1969
      UDPFlood  0.94688800 0.94924545 0.94806526     45789
       UDPScan  0.98658718 0.81226994 0.89098250      1630

      accuracy                      0.91098555    121587
     macro avg  0.81708242 0.90907363 0.83132156    121587
  weighted avg  0.91918881 0.91098555 0.91374368    121587


Confusion Matrix:
[[43128,   547,   466,    41,    11,  1356,   142,  2112,    18],
 [    0, 11999,     0,    17,     0,  1998,     0,     0,     0],
 [    0,     0,   122,     0,     0,     0,     0,     0,     0],
 [    0,     0,     0,   880,    11,     0,   129,     0,     0],
 [    0,     0,     4,     6,  1991,     0,     5,     2,     0],
 [    0,  1262,     0,    22,     0,  5908,     0,    22,     0],
 [    0,     0,     1,     7,    14,     0,  1947,     0,     0],
 [ 2324,     0,     0,     0,     0,     0,     0, 43465,     0],
 [    0,     0,     0,     4,     0,     0,     0,   302,  1324]]

