==========================================================================================
Experiment Run: 2026-01-26 17:48:32
==========================================================================================
Accuracy: 0.98363312
Precision: 0.98410592
Recall: 0.98363312
F1 Score: 0.98363405
Training Time: 4.4934 seconds
Prediction Time: 0.0800 seconds
Latency per sample: 0.00000066 seconds

Classification Report: 
                precision    recall  f1-score   support

        Benign  0.99711922 0.96265239 0.97958272     47821
     HTTPFlood  0.99729248 0.99878693 0.99803915     14014
     ICMPFlood  1.00000000 1.00000000 1.00000000       122
      SYNFlood  0.99706745 1.00000000 0.99853157      1020
       SYNScan  0.99800200 0.99501992 0.99650873      2008
   SlowrateDoS  0.99763659 0.99473246 0.99618241      7214
TCPConnectScan  0.99847483 0.99746064 0.99796748      1969
      UDPFlood  0.96235403 0.99709537 0.97941672     45789
       UDPScan  0.99633028 0.99938650 0.99785605      1630

      accuracy                      0.98363312    121587
     macro avg  0.99380854 0.99390380 0.99378720    121587
  weighted avg  0.98410592 0.98363312 0.98363405    121587


Confusion Matrix:
[[46035,     0,     0,     0,     0,     0,     0,  1786,     0],
 [    0, 13997,     0,     0,     0,    17,     0,     0,     0],
 [    0,     0,   122,     0,     0,     0,     0,     0,     0],
 [    0,     0,     0,  1020,     0,     0,     0,     0,     0],
 [    0,     0,     0,     3,  1998,     0,     3,     0,     4],
 [    0,    38,     0,     0,     0,  7176,     0,     0,     0],
 [    0,     0,     0,     0,     3,     0,  1964,     0,     2],
 [  133,     0,     0,     0,     0,     0,     0, 45656,     0],
 [    0,     0,     0,     0,     1,     0,     0,     0,  1629]]

