==========================================================================================
Experiment Run: 2026-01-26 17:48:17
==========================================================================================
Accuracy: 0.93849671
Precision: 0.94615631
Recall: 0.93849671
F1 Score: 0.94082337
Training Time: 210.2970 seconds
Prediction Time: 0.0040 seconds
Latency per sample: 0.00000003 seconds

Classification Report: 
                precision    recall  f1-score   support

        Benign  0.95674012 0.93605320 0.94628361     47821
     HTTPFlood  0.95907143 0.95811332 0.95859213     14014
     ICMPFlood  0.28110599 1.00000000 0.43884892       122
      SYNFlood  0.97912088 0.87352941 0.92331606      1020
       SYNScan  0.99650873 0.99501992 0.99576377      2008
   SlowrateDoS  0.90728909 0.96451345 0.93502654      7214
TCPConnectScan  0.87740492 0.99593702 0.93292103      1969
      UDPFlood  0.95444612 0.92522221 0.93960699     45789
       UDPScan  0.51392405 0.99631902 0.67807933      1630

      accuracy                      0.93849671    121587
     macro avg  0.82506793 0.96052306 0.86093760    121587
  weighted avg  0.94615631 0.93849671 0.94082337    121587


Confusion Matrix:
[[44763,   340,   307,    11,     2,   183,   143,  2000,    72],
 [   61, 13427,     0,     1,     0,   525,     0,     0,     0],
 [    0,     0,   122,     0,     0,     0,     0,     0,     0],
 [    0,     0,     0,   891,     0,     0,   129,     0,     0],
 [    0,     0,     4,     4,  1998,     0,     0,     0,     2],
 [    1,   233,     0,     0,     0,  6958,     0,    22,     0],
 [    0,     0,     1,     1,     3,     3,  1961,     0,     0],
 [ 1962,     0,     0,     0,     0,     0,     0, 42365,  1462],
 [    0,     0,     0,     2,     2,     0,     2,     0,  1624]]

