==========================================================================================
Experiment Run: 2026-01-26 17:34:34
==========================================================================================
Accuracy: 0.90673345
Precision: 0.93223583
Recall: 0.90673345
F1 Score: 0.91550241
Training Time: 0.6077 seconds
Prediction Time: 0.0045 seconds
Latency per sample: 0.00000004 seconds

Classification Report: 
                precision    recall  f1-score   support

        Benign  0.95107396 0.92315092 0.93690443     47821
     HTTPFlood  0.92128706 0.98886827 0.95388216     14014
     ICMPFlood  0.20573356 1.00000000 0.34125874       122
      SYNFlood  0.86190010 0.86274510 0.86232239      1020
       SYNScan  0.91724138 0.99352590 0.95386087      2008
   SlowrateDoS  0.88790392 0.86082617 0.87415541      7214
TCPConnectScan  0.94953454 0.98425597 0.96658354      1969
      UDPFlood  0.94939388 0.86204110 0.90361129     45789
       UDPScan  0.28386872 0.99754601 0.44196793      1630

      accuracy                      0.90673345    121587
     macro avg  0.76977079 0.94143994 0.80383853    121587
  weighted avg  0.93223583 0.90673345 0.91550241    121587


Confusion Matrix:
[[44146,   217,   466,    81,    13,   660,   102,  2081,    55],
 [    0, 13858,     0,    32,     0,   124,     0,     0,     0],
 [    0,     0,   122,     0,     0,     0,     0,     0,     0],
 [    0,     0,     0,   880,   140,     0,     0,     0,     0],
 [    0,     0,     4,     6,  1995,     0,     1,     1,     1],
 [    0,   967,     0,    15,     0,  6210,     0,    22,     0],
 [    0,     0,     1,     3,    27,     0,  1938,     0,     0],
 [ 2271,     0,     0,     0,     0,     0,     0, 39472,  4046],
 [    0,     0,     0,     4,     0,     0,     0,     0,  1626]]

