==========================================================================================
Experiment Run: 2026-01-26 17:31:53
==========================================================================================
Accuracy: 0.91959667
Precision: 0.96688356
Recall: 0.91959667
F1 Score: 0.94112308
Training Time: 279.8402 seconds
Prediction Time: 0.5245 seconds
Latency per sample: 0.00000431 seconds

Classification Report: 
                precision    recall  f1-score   support

        Benign  0.96861230 0.85955961 0.91083339     47821
     HTTPFlood  0.97716020 0.87312687 0.92221887     14014
     ICMPFlood  0.01980198 1.00000000 0.03883495       122
      SYNFlood  0.97294686 0.98725490 0.98004866      1020
       SYNScan  1.00000000 0.99352590 0.99675244      2008
   SlowrateDoS  0.94669947 0.96021625 0.95340995      7214
TCPConnectScan  0.99539171 0.98730320 0.99133095      1969
      UDPFlood  0.96368793 0.97951473 0.97153688     45789
       UDPScan  0.99876999 0.99631902 0.99754300      1630

      accuracy                      0.91959667    121587
     macro avg  0.87145227 0.95964672 0.86250101    121587
  weighted avg  0.96688356 0.91959667 0.94112308    121587


Confusion Matrix:
[[41105,    82,  4797,    17,     0,   121,     9,  1690,     0],
 [  368, 12236,  1141,     0,     0,   269,     0,     0,     0],
 [    0,     0,   122,     0,     0,     0,     0,     0,     0],
 [    0,     1,    12,  1007,     0,     0,     0,     0,     0],
 [    0,     0,     5,     6,  1995,     0,     0,     0,     2],
 [   22,   203,    62,     0,     0,  6927,     0,     0,     0],
 [    2,     0,    22,     1,     0,     0,  1944,     0,     0],
 [  938,     0,     0,     0,     0,     0,     0, 44851,     0],
 [    2,     0,     0,     4,     0,     0,     0,     0,  1624]]

