==========================================================================================
Experiment Run: 2026-02-03 10:29:21
==========================================================================================
Accuracy: 0.98394565
Precision: 0.98394410
Recall: 0.98394565
F1 Score: 0.98394472
Training Time: 88.8353 seconds
Prediction Time: 11.1375 seconds
Latency per sample: 0.00009160 seconds

Classification Report: 
                precision    recall  f1-score   support

        Benign  0.98105862 0.98019698 0.98062762     47821
     HTTPFlood  0.99607927 0.99707435 0.99657656     14014
     ICMPFlood  1.00000000 1.00000000 1.00000000       122
      SYNFlood  0.99706745 1.00000000 0.99853157      1020
       SYNScan  0.99651221 0.99601594 0.99626401      2008
   SlowrateDoS  0.99403937 0.99403937 0.99403937      7214
TCPConnectScan  0.99796748 0.99746064 0.99771400      1969
      UDPFlood  0.97967959 0.98025727 0.97996834     45789
       UDPScan  0.99754601 0.99754601 0.99754601      1630

      accuracy                      0.98394565    121587
     macro avg  0.99332778 0.99362117 0.99347416    121587
  weighted avg  0.98394410 0.98394565 0.98394472    121587


Confusion Matrix:
[[46874,    12,     0,     0,     1,     2,     1,   931,     0],
 [    0, 13973,     0,     0,     0,    41,     0,     0,     0],
 [    0,     0,   122,     0,     0,     0,     0,     0,     0],
 [    0,     0,     0,  1020,     0,     0,     0,     0,     0],
 [    0,     0,     0,     3,  2000,     0,     3,     0,     2],
 [    0,    43,     0,     0,     0,  7171,     0,     0,     0],
 [    0,     0,     0,     0,     3,     0,  1964,     0,     2],
 [  904,     0,     0,     0,     0,     0,     0, 44885,     0],
 [    1,     0,     0,     0,     3,     0,     0,     0,  1626]]

