==========================================================================================
Experiment Run: 2026-02-03 10:27:40
==========================================================================================
Accuracy: 0.97536743
Precision: 0.97585903
Recall: 0.97536743
F1 Score: 0.97536243
Training Time: 44.9164 seconds
Prediction Time: 0.0492 seconds
Latency per sample: 0.00000040 seconds

Classification Report: 
                precision    recall  f1-score   support

        Benign  0.98728657 0.95161122 0.96912068     47821
     HTTPFlood  0.99473946 0.99850150 0.99661693     14014
     ICMPFlood  0.98387097 1.00000000 0.99186992       122
      SYNFlood  0.99512195 1.00000000 0.99755501      1020
       SYNScan  1.00000000 0.99352590 0.99675244      2008
   SlowrateDoS  0.99541029 0.99209870 0.99375174      7214
TCPConnectScan  1.00000000 0.99796851 0.99898322      1969
      UDPFlood  0.95198383 0.98722401 0.96928372     45789
       UDPScan  0.99087591 0.99938650 0.99511301      1630

      accuracy                      0.97536743    121587
     macro avg  0.98880989 0.99114626 0.98989407    121587
  weighted avg  0.97585903 0.97536743 0.97536243    121587


Confusion Matrix:
[[45507,    17,     0,     1,     0,    12,     0,  2280,     4],
 [    0, 13993,     0,     0,     0,    21,     0,     0,     0],
 [    0,     0,   122,     0,     0,     0,     0,     0,     0],
 [    0,     0,     0,  1020,     0,     0,     0,     0,     0],
 [    0,     0,     2,     4,  1995,     0,     0,     0,     7],
 [    0,    57,     0,     0,     0,  7157,     0,     0,     0],
 [    0,     0,     0,     0,     0,     0,  1965,     0,     4],
 [  585,     0,     0,     0,     0,     0,     0, 45204,     0],
 [    1,     0,     0,     0,     0,     0,     0,     0,  1629]]

