==========================================================================================
Experiment Run: 2026-02-03 10:27:41
==========================================================================================
Accuracy: 0.81802331
Precision: 0.87375114
Recall: 0.81802331
F1 Score: 0.83829162
Training Time: 0.1692 seconds
Prediction Time: 0.0038 seconds
Latency per sample: 0.00000003 seconds

Classification Report: 
                precision    recall  f1-score   support

        Benign  0.91497619 0.75926894 0.82988206     47821
     HTTPFlood  0.95885822 0.93963180 0.94914766     14014
     ICMPFlood  0.04222915 1.00000000 0.08103620       122
      SYNFlood  0.31953522 0.86274510 0.46634870      1020
       SYNScan  0.99899346 0.98854582 0.99374218      2008
   SlowrateDoS  0.86610940 0.81868589 0.84173021      7214
TCPConnectScan  0.84715026 0.99644490 0.91575263      1969
      UDPFlood  0.83851279 0.81908319 0.82868411     45789
       UDPScan  0.24318658 0.99631902 0.39094848      1630

      accuracy                      0.81802331    121587
     macro avg  0.66995014 0.90896940 0.69969691    121587
  weighted avg  0.87375114 0.81802331 0.83829162    121587


Confusion Matrix:
[[36309,   316,  2758,   502,     0,   389,   207,  7215,   125],
 [    0, 13168,     0,   322,     0,   524,     0,     0,     0],
 [    0,     0,   122,     0,     0,     0,     0,     0,     0],
 [    0,     0,     0,   880,     2,     0,   130,     8,     0],
 [    0,     0,     5,     6,  1985,     0,    10,     0,     2],
 [    0,   249,     0,  1037,     0,  5906,     5,     0,    17],
 [    0,     0,     4,     3,     0,     0,  1962,     0,     0],
 [ 3374,     0,     0,     0,     0,     0,     0, 37505,  4910],
 [    0,     0,     0,     4,     0,     0,     2,     0,  1624]]

