==========================================================================================
Experiment Run: 2026-02-03 10:26:55
==========================================================================================
Accuracy: 0.98248168
Precision: 0.98248048
Recall: 0.98248168
F1 Score: 0.98247981
Training Time: 8.1485 seconds
Prediction Time: 0.0055 seconds
Latency per sample: 0.00000005 seconds

Classification Report: 
                precision    recall  f1-score   support

        Benign  0.97986647 0.97904686 0.97945650     47821
     HTTPFlood  0.99342622 0.99207935 0.99275233     14014
     ICMPFlood  0.97600000 1.00000000 0.98785425       122
      SYNFlood  0.99318403 1.00000000 0.99658036      1020
       SYNScan  0.99502488 0.99601594 0.99552016      2008
   SlowrateDoS  0.98514443 0.99279179 0.98895333      7214
TCPConnectScan  0.99645030 0.99796851 0.99720883      1969
      UDPFlood  0.97948886 0.97929634 0.97939259     45789
       UDPScan  0.99877074 0.99693252 0.99785078      1630

      accuracy                      0.98248168    121587
     macro avg  0.98859510 0.99268126 0.99061879    121587
  weighted avg  0.98248048 0.98248168 0.98247981    121587


Confusion Matrix:
[[46819,    41,     3,     4,     3,    11,     3,   937,     0],
 [   13, 13903,     0,     0,     1,    97,     0,     0,     0],
 [    0,     0,   122,     0,     0,     0,     0,     0,     0],
 [    0,     0,     0,  1020,     0,     0,     0,     0,     0],
 [    0,     0,     0,     3,  2000,     0,     4,     0,     1],
 [    1,    49,     0,     0,     0,  7162,     0,     2,     0],
 [    0,     0,     0,     0,     3,     0,  1965,     0,     1],
 [  948,     0,     0,     0,     0,     0,     0, 44841,     0],
 [    0,     2,     0,     0,     3,     0,     0,     0,  1625]]

