==========================================================================================
Experiment Run: 2026-02-03 10:25:20
==========================================================================================
Accuracy: 0.72167255
Precision: 0.81309849
Recall: 0.72167255
F1 Score: 0.72000595
Training Time: 0.0361 seconds
Prediction Time: 0.0240 seconds
Latency per sample: 0.00000020 seconds

Classification Report: 
                precision    recall  f1-score   support

        Benign  0.99211133 0.55753748 0.71388982     47821
     HTTPFlood  0.89821718 0.59319252 0.71451287     14014
     ICMPFlood  0.99186992 1.00000000 0.99591837       122
      SYNFlood  0.52540347 0.86176471 0.65280356      1020
       SYNScan  0.51404277 0.99352590 0.67753439      2008
   SlowrateDoS  0.53424994 0.90490713 0.67184686      7214
TCPConnectScan  0.99378882 0.08125952 0.15023474      1969
      UDPFlood  0.67449654 0.90554500 0.77312773     45789
       UDPScan  0.27383162 0.99570552 0.42953553      1630

      accuracy                      0.72167255    121587
     macro avg  0.71089018 0.76593753 0.64215599    121587
  weighted avg  0.81309849 0.72167255 0.72000595    121587


Confusion Matrix:
[[26662,   774,     0,    11,     0,   375,     1, 19988,    10],
 [  139,  8313,     0,   246,     0,  5316,     0,     0,     0],
 [    0,     0,   122,     0,     0,     0,     0,     0,     0],
 [    0,    12,     0,   879,   129,     0,     0,     0,     0],
 [    8,     0,     1,     4,  1995,     0,     0,     0,     0],
 [    6,   125,     0,   533,     0,  6528,     0,    22,     0],
 [   21,    31,     0,     0,  1757,     0,   160,     0,     0],
 [   31,     0,     0,     0,     0,     0,     0, 41464,  4294],
 [    7,     0,     0,     0,     0,     0,     0,     0,  1623]]

