==========================================================================================
Experiment Run: 2026-02-03 10:25:16
==========================================================================================
Accuracy: 0.98369069
Precision: 0.98368973
Recall: 0.98369069
F1 Score: 0.98369008
Training Time: 10.2215 seconds
Prediction Time: 0.0778 seconds
Latency per sample: 0.00000064 seconds

Classification Report: 
                precision    recall  f1-score   support

        Benign  0.98026838 0.98069886 0.98048357     47821
     HTTPFlood  0.99621726 0.99600400 0.99611062     14014
     ICMPFlood  1.00000000 1.00000000 1.00000000       122
      SYNFlood  0.99804305 1.00000000 0.99902057      1020
       SYNScan  0.99701195 0.99701195 0.99701195      2008
   SlowrateDoS  0.99169895 0.99362351 0.99266030      7214
TCPConnectScan  0.99847483 0.99746064 0.99796748      1969
      UDPFlood  0.98009048 0.97940553 0.97974789     45789
       UDPScan  0.99754601 0.99754601 0.99754601      1630

      accuracy                      0.98369069    121587
     macro avg  0.99326121 0.99352783 0.99339426    121587
  weighted avg  0.98368973 0.98369069 0.98369008    121587


Confusion Matrix:
[[46898,     7,     0,     0,     0,     4,     0,   911,     1],
 [    0, 13958,     0,     0,     0,    56,     0,     0,     0],
 [    0,     0,   122,     0,     0,     0,     0,     0,     0],
 [    0,     0,     0,  1020,     0,     0,     0,     0,     0],
 [    0,     0,     0,     2,  2002,     0,     3,     0,     1],
 [    0,    46,     0,     0,     0,  7168,     0,     0,     0],
 [    0,     0,     0,     0,     3,     0,  1964,     0,     2],
 [  943,     0,     0,     0,     0,     0,     0, 44846,     0],
 [    1,     0,     0,     0,     3,     0,     0,     0,  1626]]

