==========================================================================================
Experiment Run: 2026-02-03 10:26:47
==========================================================================================
Accuracy: 0.98223494
Precision: 0.98225693
Recall: 0.98223494
F1 Score: 0.98223106
Training Time: 0.0150 seconds
Prediction Time: 10.9556 seconds
Latency per sample: 0.00009010 seconds

Classification Report: 
                precision    recall  f1-score   support

        Benign  0.98324223 0.97419544 0.97869793     47821
     HTTPFlood  0.99401283 0.99514771 0.99457995     14014
     ICMPFlood  1.00000000 1.00000000 1.00000000       122
      SYNFlood  0.99804305 1.00000000 0.99902057      1020
       SYNScan  0.99601792 0.99651394 0.99626587      2008
   SlowrateDoS  0.98623538 0.99320765 0.98970923      7214
TCPConnectScan  0.99695431 0.99746064 0.99720741      1969
      UDPFlood  0.97484617 0.98265959 0.97873729     45789
       UDPScan  0.99693627 0.99815951 0.99754752      1630

      accuracy                      0.98223494    121587
     macro avg  0.99180980 0.99303828 0.99241842    121587
  weighted avg  0.98225693 0.98223494 0.98223106    121587


Confusion Matrix:
[[46587,    35,     0,     0,     1,    32,     4,  1161,     1],
 [    0, 13946,     0,     0,     0,    68,     0,     0,     0],
 [    0,     0,   122,     0,     0,     0,     0,     0,     0],
 [    0,     0,     0,  1020,     0,     0,     0,     0,     0],
 [    0,     0,     0,     2,  2001,     0,     2,     0,     3],
 [    0,    49,     0,     0,     0,  7165,     0,     0,     0],
 [    0,     0,     0,     0,     4,     0,  1964,     0,     1],
 [  794,     0,     0,     0,     0,     0,     0, 44995,     0],
 [    0,     0,     0,     0,     3,     0,     0,     0,  1627]]

