==========================================================================================
Experiment Run: 2026-02-03 10:25:06
==========================================================================================
Accuracy: 0.89113968
Precision: 0.92455847
Recall: 0.89113968
F1 Score: 0.90329330
Training Time: 30.1013 seconds
Prediction Time: 0.0034 seconds
Latency per sample: 0.00000003 seconds

Classification Report: 
                precision    recall  f1-score   support

        Benign  0.95685601 0.88488321 0.91946331     47821
     HTTPFlood  0.95097632 0.98001998 0.96527973     14014
     ICMPFlood  0.20573356 1.00000000 0.34125874       122
      SYNFlood  0.87869822 0.87352941 0.87610619      1020
       SYNScan  0.99895561 0.95268924 0.97527402      2008
   SlowrateDoS  0.91955730 0.94441364 0.93181974      7214
TCPConnectScan  0.81250000 0.99695277 0.89532497      1969
      UDPFlood  0.91250293 0.85114329 0.88075571     45789
       UDPScan  0.23688811 0.99754601 0.38285849      1630

      accuracy                      0.89113968    121587
     macro avg  0.76362978 0.94235306 0.79646010    121587
  weighted avg  0.92455847 0.89113968 0.90329330    121587


Confusion Matrix:
[[42316,   349,   466,    89,     0,   317,   241,  3737,   306],
 [    0, 13734,     0,     1,     0,   279,     0,     0,     0],
 [    0,     0,   122,     0,     0,     0,     0,     0,     0],
 [    0,     0,     0,   891,     0,     0,   129,     0,     0],
 [    0,     0,     4,     6,  1913,     0,    83,     0,     2],
 [    0,   359,     0,    20,     0,  6813,     0,     0,    22],
 [    0,     0,     1,     3,     2,     0,  1963,     0,     0],
 [ 1908,     0,     0,     0,     0,     0,     0, 38973,  4908],
 [    0,     0,     0,     4,     0,     0,     0,     0,  1626]]

