==========================================================================================
Experiment Run: 2026-02-03 10:26:35
==========================================================================================
Accuracy: 0.93414592
Precision: 0.93616064
Recall: 0.93414592
F1 Score: 0.93397967
Training Time: 75.1249 seconds
Prediction Time: 0.1139 seconds
Latency per sample: 0.00000094 seconds

Classification Report: 
                precision    recall  f1-score   support

        Benign  0.91941682 0.94552602 0.93228866     47821
     HTTPFlood  0.89090098 0.99700300 0.94097047     14014
     ICMPFlood  0.95312500 1.00000000 0.97600000       122
      SYNFlood  0.98845750 0.92352941 0.95489103      1020
       SYNScan  0.98662042 0.99153386 0.98907104      2008
   SlowrateDoS  0.96305339 0.82021070 0.88591106      7214
TCPConnectScan  0.82729570 0.99746064 0.90444393      1969
      UDPFlood  0.96484916 0.91358186 0.93851590     45789
       UDPScan  0.92694064 0.99631902 0.96037847      1630

      accuracy                      0.93414592    121587
     macro avg  0.93562884 0.95390717 0.94249673    121587
  weighted avg  0.93616064 0.93414592 0.93397967    121587


Confusion Matrix:
[[45216,   437,     1,     7,    19,   187,   322,  1524,   108],
 [    0, 13972,     0,     0,     1,    40,     0,     0,     1],
 [    0,     0,   122,     0,     0,     0,     0,     0,     0],
 [    0,     0,     0,   942,     0,     0,    78,     0,     0],
 [    0,     0,     4,     4,  1991,     0,     7,     0,     2],
 [    6,  1274,     0,     0,     0,  5917,     0,     0,    17],
 [    0,     0,     1,     0,     4,     0,  1964,     0,     0],
 [ 3957,     0,     0,     0,     0,     0,     0, 41832,     0],
 [    0,     0,     0,     0,     3,     0,     3,     0,  1624]]

