==========================================================================================
Experiment Run: 2026-02-03 10:25:20
==========================================================================================
Accuracy: 0.98334526
Precision: 0.98364890
Recall: 0.98334526
F1 Score: 0.98334497
Training Time: 2.9566 seconds
Prediction Time: 0.0976 seconds
Latency per sample: 0.00000080 seconds

Classification Report: 
                precision    recall  f1-score   support

        Benign  0.99384735 0.96606094 0.97975717     47821
     HTTPFlood  0.99586040 0.99564721 0.99575379     14014
     ICMPFlood  1.00000000 1.00000000 1.00000000       122
      SYNFlood  1.00000000 1.00000000 1.00000000      1020
       SYNScan  0.99800797 0.99800797 0.99800797      2008
   SlowrateDoS  0.99115289 0.99390075 0.99252492      7214
TCPConnectScan  0.99898271 0.99746064 0.99822109      1969
      UDPFlood  0.96593008 0.99377580 0.97965511     45789
       UDPScan  0.99632578 0.99815951 0.99724180      1630

      accuracy                      0.98334526    121587
     macro avg  0.99334524 0.99366809 0.99346243    121587
  weighted avg  0.98364890 0.98334526 0.98334497    121587


Confusion Matrix:
[[46198,    14,     0,     0,     0,     3,     0,  1605,     1],
 [    0, 13953,     0,     0,     0,    61,     0,     0,     0],
 [    0,     0,   122,     0,     0,     0,     0,     0,     0],
 [    0,     0,     0,  1020,     0,     0,     0,     0,     0],
 [    0,     0,     0,     0,  2004,     0,     2,     0,     2],
 [    0,    44,     0,     0,     0,  7170,     0,     0,     0],
 [    0,     0,     0,     0,     2,     0,  1964,     0,     3],
 [  285,     0,     0,     0,     0,     0,     0, 45504,     0],
 [    1,     0,     0,     0,     2,     0,     0,     0,  1627]]

